AL082002, 20020913, 1800,  , EX, 56.0N,  49.5W,  45,  976, -999, -999, -999, -999, -999, -999, -999, -999, -999, -999, -999, -999, -999, 0day, 20020913, 56, 310, meds/4900101/profiles/D4900101_007.nc
AL082002, 20020913, 1800,  , EX, 56.0N,  49.5W,  45,  976, -999, -999, -999, -999, -999, -999, -999, -999, -999, -999, -999, -999, -999, 10day, 20020903, 56, 310, meds/4900101/profiles/D4900101_006.nc
AL162003, 20030930, 1200,  , TS, 31.8N,  35.1W,  55,  992, -999, -999, -999, -999, -999, -999, -999, -999, -999, -999, -999, -999, -999, 0day, 20030930, 32, 325, coriolis/1900079/profiles/D1900079_037.nc
AL162003, 20030930, 1200,  , TS, 31.8N,  35.1W,  55,  992, -999, -999, -999, -999, -999, -999, -999, -999, -999, -999, -999, -999, -999, 10day, 20030920, 32, 325, coriolis/1900079/profiles/D1900079_036.nc
AL112004, 20040920, 1800,  , HU, 27.2N,  71.4W,  75,  984,   90,   80,   80,   90,   60,   40,   50,   50,   20,   20,   20,   20, -999, 0day, 20040920, 27, 289, aoml/4900563/profiles/D4900563_010.nc
AL112004, 20040920, 1800,  , HU, 27.2N,  71.4W,  75,  984,   90,   80,   80,   90,   60,   40,   50,   50,   20,   20,   20,   20, -999, 10day, 20040910, 27, 289, aoml/4900563/profiles/D4900563_009.nc
AL132004, 20040924, 1800,  , TD, 14.0N,  43.8W,  30, 1005,    0,    0,    0,    0,    0,    0,    0,    0,    0,    0,    0,    0, -999, 0day, 20040924, 14, 316, aoml/4900465/profiles/D4900465_020.nc
AL132004, 20040924, 1800,  , TD, 14.0N,  43.8W,  30, 1005,    0,    0,    0,    0,    0,    0,    0,    0,    0,    0,    0,    0, -999, 10day, 20040914, 14, 316, aoml/4900465/profiles/D4900465_019.nc
AL062005, 20050725, 0600,  , TS, 31.0N,  70.5W,  40, 1000,    0,  120,    0,    0,    0,    0,    0,    0,    0,    0,    0,    0, -999, 0day, 20050725, 31, 290, aoml/4900159/profiles/D4900159_132.nc
AL062005, 20050725, 0600,  , TS, 31.0N,  70.5W,  40, 1000,    0,  120,    0,    0,    0,    0,    0,    0,    0,    0,    0,    0, -999, 10day, 20050715, 31, 290, aoml/4900159/profiles/D4900159_131.nc
AL062005, 20050725, 1200,  , TS, 30.9N,  69.8W,  40,  999,    0,  150,    0,    0,    0,    0,    0,    0,    0,    0,    0,    0, -999, 0day, 20050725, 31, 290, aoml/4900159/profiles/D4900159_132.nc
AL062005, 20050725, 1200,  , TS, 30.9N,  69.8W,  40,  999,    0,  150,    0,    0,    0,    0,    0,    0,    0,    0,    0,    0, -999, 10day, 20050715, 31, 290, aoml/4900159/profiles/D4900159_131.nc
AL062005, 20050725, 1800,  , TS, 30.9N,  69.6W,  40,  999,    0,  150,    0,    0,    0,    0,    0,    0,    0,    0,    0,    0, -999, 0day, 20050725, 31, 290, aoml/4900159/profiles/D4900159_132.nc
AL062005, 20050725, 1800,  , TS, 30.9N,  69.6W,  40,  999,    0,  150,    0,    0,    0,    0,    0,    0,    0,    0,    0,    0, -999, 10day, 20050715, 31, 290, aoml/4900159/profiles/D4900159_131.nc
AL242005, 20051010, 0000,  , TS, 34.3N,  18.3W,  60,  990,   60,   70,   60,   50,   30,   30,   30,   20,    0,    0,    0,    0, -999, 0day, 20051010, 34, 342, aoml/1900562/profiles/D1900562_002.nc
AL242005, 20051010, 0000,  , TS, 34.3N,  18.3W,  60,  990,   60,   70,   60,   50,   30,   30,   30,   20,    0,    0,    0,    0, -999, 10day, 20050930, 34, 342, aoml/1900562/profiles/D1900562_001.nc
AL052006, 20060826, 1800,  , LO, 26.5N,  47.5W,  25, 1011,    0,    0,    0,    0,    0,    0,    0,    0,    0,    0,    0,    0, -999, 0day, 20060826, 26, 312, aoml/4900548/profiles/D4900548_085.nc
AL052006, 20060826, 1800,  , LO, 26.5N,  47.5W,  25, 1011,    0,    0,    0,    0,    0,    0,    0,    0,    0,    0,    0,    0, -999, 10day, 20060816, 26, 312, aoml/4900548/profiles/D4900548_084.nc
AL072006, 20060904, 1200,  , TD, 16.0N,  42.3W,  30, 1007,    0,    0,    0,    0,    0,    0,    0,    0,    0,    0,    0,    0, -999, 0day, 20060904, 16, 318, aoml/4900728/profiles/D4900728_022.nc
AL072006, 20060904, 1200,  , TD, 16.0N,  42.3W,  30, 1007,    0,    0,    0,    0,    0,    0,    0,    0,    0,    0,    0,    0, -999, 10day, 20060825, 16, 318, aoml/4900728/profiles/D4900728_021.nc
AL072006, 20060915, 1800,  , EX, 49.8N,  27.5W,  40,  986,  150,  390,  390,  240,    0,    0,    0,    0,    0,    0,    0,    0, -999, 0day, 20060915, 50, 332, coriolis/6900261/profiles/D6900261_029.nc
AL072006, 20060915, 1800,  , EX, 49.8N,  27.5W,  40,  986,  150,  390,  390,  240,    0,    0,    0,    0,    0,    0,    0,    0, -999, 15day, 20060831, 50, 332, coriolis/6900261/profiles/D6900261_028.nc
AL092006, 20060919, 1800,  , HU, 24.4N,  53.5W,  90,  956,  175,  175,  150,  175,  100,   75,   60,  100,   50,   30,   30,   50, -999, 0day, 20060919, 24, 306, aoml/4900360/profiles/D4900360_123.nc
AL092006, 20060919, 1800,  , HU, 24.4N,  53.5W,  90,  956,  175,  175,  150,  175,  100,   75,   60,  100,   50,   30,   30,   50, -999, 10day, 20060909, 24, 306, aoml/4900360/profiles/D4900360_122.nc
AL152008, 20081015, 1200,  , HU, 14.9N,  67.4W,  75,  984,   75,  105,  120,   45,   40,   50,   50,   20,   15,   15,   15,    0, -999, 0day, 20081015, 15, 293, aoml/4900754/profiles/D4900754_087.nc
AL152008, 20081015, 1200,  , HU, 14.9N,  67.4W,  75,  984,   75,  105,  120,   45,   40,   50,   50,   20,   15,   15,   15,    0, -999, 10day, 20081005, 15, 293, aoml/4900754/profiles/D4900754_086.nc
AL022009, 20090812, 0000,  , TD, 14.6N,  31.0W,  30, 1006,    0,    0,    0,    0,    0,    0,    0,    0,    0,    0,    0,    0, -999, 0day, 20090812, 15, 329, aoml/1900766/profiles/D1900766_084.nc
AL022009, 20090812, 0000,  , TD, 14.6N,  31.0W,  30, 1006,    0,    0,    0,    0,    0,    0,    0,    0,    0,    0,    0,    0, -999, 10day, 20090802, 15, 329, aoml/1900766/profiles/D1900766_083.nc
AL072009, 20090919, 0600,  , LO, 26.4N,  69.0W,  25, 1012,    0,    0,    0,    0,    0,    0,    0,    0,    0,    0,    0,    0, -999, 0day, 20090919, 26, 291, aoml/4900600/profiles/D4900600_165.nc
AL072009, 20090919, 0600,  , LO, 26.4N,  69.0W,  25, 1012,    0,    0,    0,    0,    0,    0,    0,    0,    0,    0,    0,    0, -999, 10day, 20090909, 26, 291, aoml/4900600/profiles/D4900600_164.nc
AL172011, 20110924, 0600,  , TD, 11.0N,  24.7W,  30, 1007,    0,    0,    0,    0,    0,    0,    0,    0,    0,    0,    0,    0, -999, 0day, 20110924, 11, 335, coriolis/6900768/profiles/D6900768_028.nc
AL172011, 20110924, 0600,  , TD, 11.0N,  24.7W,  30, 1007,    0,    0,    0,    0,    0,    0,    0,    0,    0,    0,    0,    0, -999, 10day, 20110914, 11, 335, coriolis/6900768/profiles/D6900768_027.nc
AL172011, 20110927, 1800,  , TS, 15.7N,  35.8W,  35, 1006,   75,   45,    0,   45,    0,    0,    0,    0,    0,    0,    0,    0, -999, 0day, 20110927, 16, 324, aoml/4901213/profiles/D4901213_037.nc
AL172011, 20110927, 1800,  , TS, 15.7N,  35.8W,  35, 1006,   75,   45,    0,   45,    0,    0,    0,    0,    0,    0,    0,    0, -999, 10day, 20110917, 16, 324, aoml/4901213/profiles/D4901213_036.nc
AL172011, 20111001, 0000,  , TS, 23.8N,  46.3W,  50, 1003,   75,   30,   30,   60,   25,    0,    0,   25,    0,    0,    0,    0, -999, 0day, 20111001, 24, 314, aoml/4900830/profiles/D4900830_159.nc
AL172011, 20111001, 0000,  , TS, 23.8N,  46.3W,  50, 1003,   75,   30,   30,   60,   25,    0,    0,   25,    0,    0,    0,    0, -999, 10day, 20110921, 24, 314, aoml/4900830/profiles/D4900830_158.nc
AL172011, 20111004, 0600,  , HU, 23.7N,  57.7W,  65,  992,   90,   75,   45,   60,   30,   30,    0,   20,   20,   15,    0,   10, -999, 0day, 20111004, 24, 302, coriolis/6900776/profiles/D6900776_023.nc
AL172011, 20111004, 0600,  , HU, 23.7N,  57.7W,  65,  992,   90,   75,   45,   60,   30,   30,    0,   20,   20,   15,    0,   10, -999, 9day, 20110925, 24, 302, aoml/4901215/profiles/D4901215_033.nc
AL172011, 20111004, 0600,  , HU, 23.7N,  57.7W,  65,  992,   90,   75,   45,   60,   30,   30,    0,   20,   20,   15,    0,   10, -999, 10day, 20110924, 24, 302, coriolis/6900776/profiles/D6900776_022.nc
AL192011, 20111111, 0600,  , TS, 32.2N,  67.2W,  50,  987,  150,  120,  100,   60,   30,   30,    0,    0,    0,    0,    0,    0, -999, 0day, 20111111, 32, 293, aoml/5903594/profiles/D5903594_008.nc
AL192011, 20111111, 0600,  , TS, 32.2N,  67.2W,  50,  987,  150,  120,  100,   60,   30,   30,    0,    0,    0,    0,    0,    0, -999, 2day, 20111109, 32, 293, aoml/4900772/profiles/D4900772_196.nc
AL192011, 20111111, 0600,  , TS, 32.2N,  67.2W,  50,  987,  150,  120,  100,   60,   30,   30,    0,    0,    0,    0,    0,    0, -999, 5day, 20111106, 32, 293, aoml/5903594/profiles/D5903594_007.nc
AL142012, 20121001, 0600,  , HU, 36.4N,  39.4W,  65,  988,  110,   90,   80,   90,   50,   40,   40,   50,   30,    0,    0,    0, -999, 0day, 20121001, 36, 321, coriolis/6900214/profiles/D6900214_201.nc
AL142012, 20121001, 0600,  , HU, 36.4N,  39.4W,  65,  988,  110,   90,   80,   90,   50,   40,   40,   50,   30,    0,    0,    0, -999, 15day, 20120916, 36, 321, coriolis/6900214/profiles/D6900214_200.nc
AL142012, 20121001, 1200,  , TS, 35.9N,  39.4W,  60,  991,  110,   90,   90,   90,   50,   50,   40,   50,    0,    0,    0,    0, -999, 0day, 20121001, 36, 321, coriolis/6900214/profiles/D6900214_201.nc
AL142012, 20121001, 1200,  , TS, 35.9N,  39.4W,  60,  991,  110,   90,   90,   90,   50,   50,   40,   50,    0,    0,    0,    0, -999, 15day, 20120916, 36, 321, coriolis/6900214/profiles/D6900214_200.nc
AL152012, 20121005, 1200,  , TS, 23.5N,  37.8W,  45,  994,  180,  140,    0,    0,    0,    0,    0,    0,    0,    0,    0,    0, -999, 0day, 20121005, 24, 322, aoml/5904007/profiles/D5904007_018.nc
AL152012, 20121005, 1200,  , TS, 23.5N,  37.8W,  45,  994,  180,  140,    0,    0,    0,    0,    0,    0,    0,    0,    0,    0, -999, 1day, 20121004, 24, 322, aoml/5904007/profiles/D5904007_017.nc
AL152012, 20121005, 1200,  , TS, 23.5N,  37.8W,  45,  994,  180,  140,    0,    0,    0,    0,    0,    0,    0,    0,    0,    0, -999, 1day, 20121004, 24, 322, aoml/5904011/profiles/D5904011_017.nc
AL152012, 20121005, 1200,  , TS, 23.5N,  37.8W,  45,  994,  180,  140,    0,    0,    0,    0,    0,    0,    0,    0,    0,    0, -999, 1day, 20121004, 24, 322, aoml/5904012/profiles/D5904012_017.nc
AL152012, 20121005, 1200,  , TS, 23.5N,  37.8W,  45,  994,  180,  140,    0,    0,    0,    0,    0,    0,    0,    0,    0,    0, -999, 2day, 20121003, 24, 322, aoml/4900828/profiles/D4900828_196.nc
AL152012, 20121005, 1200,  , TS, 23.5N,  37.8W,  45,  994,  180,  140,    0,    0,    0,    0,    0,    0,    0,    0,    0,    0, -999, 2day, 20121003, 24, 322, aoml/5904007/profiles/D5904007_016.nc
AL152012, 20121005, 1200,  , TS, 23.5N,  37.8W,  45,  994,  180,  140,    0,    0,    0,    0,    0,    0,    0,    0,    0,    0, -999, 2day, 20121003, 24, 322, aoml/5904011/profiles/D5904011_016.nc
AL152012, 20121005, 1200,  , TS, 23.5N,  37.8W,  45,  994,  180,  140,    0,    0,    0,    0,    0,    0,    0,    0,    0,    0, -999, 2day, 20121003, 24, 322, aoml/5904012/profiles/D5904012_016.nc
AL152012, 20121005, 1200,  , TS, 23.5N,  37.8W,  45,  994,  180,  140,    0,    0,    0,    0,    0,    0,    0,    0,    0,    0, -999, 2day, 20121003, 24, 322, coriolis/6900412/profiles/D6900412_232.nc
AL152012, 20121005, 1200,  , TS, 23.5N,  37.8W,  45,  994,  180,  140,    0,    0,    0,    0,    0,    0,    0,    0,    0,    0, -999, 3day, 20121002, 24, 322, aoml/5904007/profiles/D5904007_015.nc
AL152012, 20121005, 1200,  , TS, 23.5N,  37.8W,  45,  994,  180,  140,    0,    0,    0,    0,    0,    0,    0,    0,    0,    0, -999, 3day, 20121002, 24, 322, aoml/5904011/profiles/D5904011_015.nc
AL152012, 20121005, 1200,  , TS, 23.5N,  37.8W,  45,  994,  180,  140,    0,    0,    0,    0,    0,    0,    0,    0,    0,    0, -999, 3day, 20121002, 24, 322, aoml/5904012/profiles/D5904012_015.nc
AL152012, 20121005, 1200,  , TS, 23.5N,  37.8W,  45,  994,  180,  140,    0,    0,    0,    0,    0,    0,    0,    0,    0,    0, -999, 4day, 20121001, 24, 322, aoml/5904007/profiles/D5904007_014.nc
AL152012, 20121005, 1200,  , TS, 23.5N,  37.8W,  45,  994,  180,  140,    0,    0,    0,    0,    0,    0,    0,    0,    0,    0, -999, 4day, 20121001, 24, 322, aoml/5904011/profiles/D5904011_014.nc
AL152012, 20121005, 1200,  , TS, 23.5N,  37.8W,  45,  994,  180,  140,    0,    0,    0,    0,    0,    0,    0,    0,    0,    0, -999, 4day, 20121001, 24, 322, aoml/5904012/profiles/D5904012_014.nc
AL152012, 20121005, 1200,  , TS, 23.5N,  37.8W,  45,  994,  180,  140,    0,    0,    0,    0,    0,    0,    0,    0,    0,    0, -999, 5day, 20120930, 24, 322, aoml/5904011/profiles/D5904011_013.nc
AL152012, 20121005, 1200,  , TS, 23.5N,  37.8W,  45,  994,  180,  140,    0,    0,    0,    0,    0,    0,    0,    0,    0,    0, -999, 5day, 20120930, 24, 322, aoml/5904012/profiles/D5904012_013.nc
AL152012, 20121005, 1200,  , TS, 23.5N,  37.8W,  45,  994,  180,  140,    0,    0,    0,    0,    0,    0,    0,    0,    0,    0, -999, 6day, 20120929, 24, 322, aoml/5904011/profiles/D5904011_012.nc
AL152012, 20121005, 1200,  , TS, 23.5N,  37.8W,  45,  994,  180,  140,    0,    0,    0,    0,    0,    0,    0,    0,    0,    0, -999, 6day, 20120929, 24, 322, aoml/5904012/profiles/D5904012_012.nc
AL152012, 20121005, 1200,  , TS, 23.5N,  37.8W,  45,  994,  180,  140,    0,    0,    0,    0,    0,    0,    0,    0,    0,    0, -999, 7day, 20120928, 24, 322, aoml/5904011/profiles/D5904011_011.nc
AL152012, 20121005, 1200,  , TS, 23.5N,  37.8W,  45,  994,  180,  140,    0,    0,    0,    0,    0,    0,    0,    0,    0,    0, -999, 7day, 20120928, 24, 322, aoml/5904012/profiles/D5904012_011.nc
AL152012, 20121005, 1200,  , TS, 23.5N,  37.8W,  45,  994,  180,  140,    0,    0,    0,    0,    0,    0,    0,    0,    0,    0, -999, 8day, 20120927, 24, 322, aoml/5904011/profiles/D5904011_010.nc
AL152012, 20121005, 1200,  , TS, 23.5N,  37.8W,  45,  994,  180,  140,    0,    0,    0,    0,    0,    0,    0,    0,    0,    0, -999, 8day, 20120927, 24, 322, aoml/5904012/profiles/D5904012_010.nc
AL152012, 20121005, 1200,  , TS, 23.5N,  37.8W,  45,  994,  180,  140,    0,    0,    0,    0,    0,    0,    0,    0,    0,    0, -999, 9day, 20120926, 24, 322, aoml/5904011/profiles/D5904011_009.nc
AL152012, 20121005, 1200,  , TS, 23.5N,  37.8W,  45,  994,  180,  140,    0,    0,    0,    0,    0,    0,    0,    0,    0,    0, -999, 9day, 20120926, 24, 322, aoml/5904012/profiles/D5904012_009.nc
AL152012, 20121005, 1200,  , TS, 23.5N,  37.8W,  45,  994,  180,  140,    0,    0,    0,    0,    0,    0,    0,    0,    0,    0, -999, 10day, 20120925, 24, 322, aoml/5904011/profiles/D5904011_008.nc
AL152012, 20121005, 1200,  , TS, 23.5N,  37.8W,  45,  994,  180,  140,    0,    0,    0,    0,    0,    0,    0,    0,    0,    0, -999, 10day, 20120925, 24, 322, aoml/5904012/profiles/D5904012_008.nc
AL152012, 20121005, 1200,  , TS, 23.5N,  37.8W,  45,  994,  180,  140,    0,    0,    0,    0,    0,    0,    0,    0,    0,    0, -999, 10day, 20120925, 24, 322, aoml/5904015/profiles/D5904015_007.nc
AL152012, 20121005, 1200,  , TS, 23.5N,  37.8W,  45,  994,  180,  140,    0,    0,    0,    0,    0,    0,    0,    0,    0,    0, -999, 11day, 20120924, 24, 322, aoml/5904011/profiles/D5904011_007.nc
AL152012, 20121005, 1200,  , TS, 23.5N,  37.8W,  45,  994,  180,  140,    0,    0,    0,    0,    0,    0,    0,    0,    0,    0, -999, 11day, 20120924, 24, 322, aoml/5904012/profiles/D5904012_007.nc
AL152012, 20121005, 1200,  , TS, 23.5N,  37.8W,  45,  994,  180,  140,    0,    0,    0,    0,    0,    0,    0,    0,    0,    0, -999, 11day, 20120924, 24, 322, aoml/5904015/profiles/D5904015_006.nc
AL152012, 20121005, 1200,  , TS, 23.5N,  37.8W,  45,  994,  180,  140,    0,    0,    0,    0,    0,    0,    0,    0,    0,    0, -999, 12day, 20120923, 24, 322, aoml/4900828/profiles/D4900828_195.nc
AL152012, 20121005, 1200,  , TS, 23.5N,  37.8W,  45,  994,  180,  140,    0,    0,    0,    0,    0,    0,    0,    0,    0,    0, -999, 12day, 20120923, 24, 322, aoml/5904011/profiles/D5904011_006.nc
AL152012, 20121005, 1200,  , TS, 23.5N,  37.8W,  45,  994,  180,  140,    0,    0,    0,    0,    0,    0,    0,    0,    0,    0, -999, 12day, 20120923, 24, 322, aoml/5904012/profiles/D5904012_006.nc
AL152012, 20121005, 1200,  , TS, 23.5N,  37.8W,  45,  994,  180,  140,    0,    0,    0,    0,    0,    0,    0,    0,    0,    0, -999, 12day, 20120923, 24, 322, aoml/5904015/profiles/D5904015_005.nc
AL152012, 20121005, 1200,  , TS, 23.5N,  37.8W,  45,  994,  180,  140,    0,    0,    0,    0,    0,    0,    0,    0,    0,    0, -999, 12day, 20120923, 24, 322, coriolis/6900412/profiles/D6900412_231.nc
AL152012, 20121005, 1200,  , TS, 23.5N,  37.8W,  45,  994,  180,  140,    0,    0,    0,    0,    0,    0,    0,    0,    0,    0, -999, 13day, 20120922, 24, 322, aoml/5904011/profiles/D5904011_005.nc
AL152012, 20121005, 1200,  , TS, 23.5N,  37.8W,  45,  994,  180,  140,    0,    0,    0,    0,    0,    0,    0,    0,    0,    0, -999, 13day, 20120922, 24, 322, aoml/5904012/profiles/D5904012_005.nc
AL152012, 20121005, 1200,  , TS, 23.5N,  37.8W,  45,  994,  180,  140,    0,    0,    0,    0,    0,    0,    0,    0,    0,    0, -999, 13day, 20120922, 24, 322, aoml/5904015/profiles/D5904015_004.nc
AL152012, 20121005, 1200,  , TS, 23.5N,  37.8W,  45,  994,  180,  140,    0,    0,    0,    0,    0,    0,    0,    0,    0,    0, -999, 13day, 20120922, 24, 322, aoml/5904017/profiles/D5904017_004.nc
AL152012, 20121005, 1200,  , TS, 23.5N,  37.8W,  45,  994,  180,  140,    0,    0,    0,    0,    0,    0,    0,    0,    0,    0, -999, 14day, 20120921, 24, 322, aoml/5904011/profiles/D5904011_004.nc
AL152012, 20121005, 1200,  , TS, 23.5N,  37.8W,  45,  994,  180,  140,    0,    0,    0,    0,    0,    0,    0,    0,    0,    0, -999, 14day, 20120921, 24, 322, aoml/5904012/profiles/D5904012_004.nc
AL152012, 20121005, 1200,  , TS, 23.5N,  37.8W,  45,  994,  180,  140,    0,    0,    0,    0,    0,    0,    0,    0,    0,    0, -999, 14day, 20120921, 24, 322, aoml/5904015/profiles/D5904015_003.nc
AL152012, 20121005, 1200,  , TS, 23.5N,  37.8W,  45,  994,  180,  140,    0,    0,    0,    0,    0,    0,    0,    0,    0,    0, -999, 14day, 20120921, 24, 322, aoml/5904017/profiles/D5904017_003.nc
AL152012, 20121005, 1200,  , TS, 23.5N,  37.8W,  45,  994,  180,  140,    0,    0,    0,    0,    0,    0,    0,    0,    0,    0, -999, 15day, 20120920, 24, 322, aoml/5904011/profiles/D5904011_003.nc
AL152012, 20121005, 1200,  , TS, 23.5N,  37.8W,  45,  994,  180,  140,    0,    0,    0,    0,    0,    0,    0,    0,    0,    0, -999, 15day, 20120920, 24, 322, aoml/5904012/profiles/D5904012_003.nc
AL152012, 20121005, 1200,  , TS, 23.5N,  37.8W,  45,  994,  180,  140,    0,    0,    0,    0,    0,    0,    0,    0,    0,    0, -999, 15day, 20120920, 24, 322, aoml/5904017/profiles/D5904017_002.nc
AL152012, 20121005, 1200,  , TS, 23.5N,  37.8W,  45,  994,  180,  140,    0,    0,    0,    0,    0,    0,    0,    0,    0,    0, -999, 0day, 20121005, 24, 322, aoml/5904011/profiles/D5904011_018.nc
AL152012, 20121005, 1200,  , TS, 23.5N,  37.8W,  45,  994,  180,  140,    0,    0,    0,    0,    0,    0,    0,    0,    0,    0, -999, 1day, 20121004, 24, 322, aoml/5904007/profiles/D5904007_017.nc
AL152012, 20121005, 1200,  , TS, 23.5N,  37.8W,  45,  994,  180,  140,    0,    0,    0,    0,    0,    0,    0,    0,    0,    0, -999, 1day, 20121004, 24, 322, aoml/5904011/profiles/D5904011_017.nc
AL152012, 20121005, 1200,  , TS, 23.5N,  37.8W,  45,  994,  180,  140,    0,    0,    0,    0,    0,    0,    0,    0,    0,    0, -999, 1day, 20121004, 24, 322, aoml/5904012/profiles/D5904012_017.nc
AL152012, 20121005, 1200,  , TS, 23.5N,  37.8W,  45,  994,  180,  140,    0,    0,    0,    0,    0,    0,    0,    0,    0,    0, -999, 2day, 20121003, 24, 322, aoml/4900828/profiles/D4900828_196.nc
AL152012, 20121005, 1200,  , TS, 23.5N,  37.8W,  45,  994,  180,  140,    0,    0,    0,    0,    0,    0,    0,    0,    0,    0, -999, 2day, 20121003, 24, 322, aoml/5904007/profiles/D5904007_016.nc
AL152012, 20121005, 1200,  , TS, 23.5N,  37.8W,  45,  994,  180,  140,    0,    0,    0,    0,    0,    0,    0,    0,    0,    0, -999, 2day, 20121003, 24, 322, aoml/5904011/profiles/D5904011_016.nc
AL152012, 20121005, 1200,  , TS, 23.5N,  37.8W,  45,  994,  180,  140,    0,    0,    0,    0,    0,    0,    0,    0,    0,    0, -999, 2day, 20121003, 24, 322, aoml/5904012/profiles/D5904012_016.nc
AL152012, 20121005, 1200,  , TS, 23.5N,  37.8W,  45,  994,  180,  140,    0,    0,    0,    0,    0,    0,    0,    0,    0,    0, -999, 2day, 20121003, 24, 322, coriolis/6900412/profiles/D6900412_232.nc
AL152012, 20121005, 1200,  , TS, 23.5N,  37.8W,  45,  994,  180,  140,    0,    0,    0,    0,    0,    0,    0,    0,    0,    0, -999, 3day, 20121002, 24, 322, aoml/5904007/profiles/D5904007_015.nc
AL152012, 20121005, 1200,  , TS, 23.5N,  37.8W,  45,  994,  180,  140,    0,    0,    0,    0,    0,    0,    0,    0,    0,    0, -999, 3day, 20121002, 24, 322, aoml/5904011/profiles/D5904011_015.nc
AL152012, 20121005, 1200,  , TS, 23.5N,  37.8W,  45,  994,  180,  140,    0,    0,    0,    0,    0,    0,    0,    0,    0,    0, -999, 3day, 20121002, 24, 322, aoml/5904012/profiles/D5904012_015.nc
AL152012, 20121005, 1200,  , TS, 23.5N,  37.8W,  45,  994,  180,  140,    0,    0,    0,    0,    0,    0,    0,    0,    0,    0, -999, 4day, 20121001, 24, 322, aoml/5904007/profiles/D5904007_014.nc
AL152012, 20121005, 1200,  , TS, 23.5N,  37.8W,  45,  994,  180,  140,    0,    0,    0,    0,    0,    0,    0,    0,    0,    0, -999, 4day, 20121001, 24, 322, aoml/5904011/profiles/D5904011_014.nc
AL152012, 20121005, 1200,  , TS, 23.5N,  37.8W,  45,  994,  180,  140,    0,    0,    0,    0,    0,    0,    0,    0,    0,    0, -999, 4day, 20121001, 24, 322, aoml/5904012/profiles/D5904012_014.nc
AL152012, 20121005, 1200,  , TS, 23.5N,  37.8W,  45,  994,  180,  140,    0,    0,    0,    0,    0,    0,    0,    0,    0,    0, -999, 5day, 20120930, 24, 322, aoml/5904011/profiles/D5904011_013.nc
AL152012, 20121005, 1200,  , TS, 23.5N,  37.8W,  45,  994,  180,  140,    0,    0,    0,    0,    0,    0,    0,    0,    0,    0, -999, 5day, 20120930, 24, 322, aoml/5904012/profiles/D5904012_013.nc
AL152012, 20121005, 1200,  , TS, 23.5N,  37.8W,  45,  994,  180,  140,    0,    0,    0,    0,    0,    0,    0,    0,    0,    0, -999, 6day, 20120929, 24, 322, aoml/5904011/profiles/D5904011_012.nc
AL152012, 20121005, 1200,  , TS, 23.5N,  37.8W,  45,  994,  180,  140,    0,    0,    0,    0,    0,    0,    0,    0,    0,    0, -999, 6day, 20120929, 24, 322, aoml/5904012/profiles/D5904012_012.nc
AL152012, 20121005, 1200,  , TS, 23.5N,  37.8W,  45,  994,  180,  140,    0,    0,    0,    0,    0,    0,    0,    0,    0,    0, -999, 7day, 20120928, 24, 322, aoml/5904011/profiles/D5904011_011.nc
AL152012, 20121005, 1200,  , TS, 23.5N,  37.8W,  45,  994,  180,  140,    0,    0,    0,    0,    0,    0,    0,    0,    0,    0, -999, 7day, 20120928, 24, 322, aoml/5904012/profiles/D5904012_011.nc
AL152012, 20121005, 1200,  , TS, 23.5N,  37.8W,  45,  994,  180,  140,    0,    0,    0,    0,    0,    0,    0,    0,    0,    0, -999, 8day, 20120927, 24, 322, aoml/5904011/profiles/D5904011_010.nc
AL152012, 20121005, 1200,  , TS, 23.5N,  37.8W,  45,  994,  180,  140,    0,    0,    0,    0,    0,    0,    0,    0,    0,    0, -999, 8day, 20120927, 24, 322, aoml/5904012/profiles/D5904012_010.nc
AL152012, 20121005, 1200,  , TS, 23.5N,  37.8W,  45,  994,  180,  140,    0,    0,    0,    0,    0,    0,    0,    0,    0,    0, -999, 9day, 20120926, 24, 322, aoml/5904011/profiles/D5904011_009.nc
AL152012, 20121005, 1200,  , TS, 23.5N,  37.8W,  45,  994,  180,  140,    0,    0,    0,    0,    0,    0,    0,    0,    0,    0, -999, 9day, 20120926, 24, 322, aoml/5904012/profiles/D5904012_009.nc
AL152012, 20121005, 1200,  , TS, 23.5N,  37.8W,  45,  994,  180,  140,    0,    0,    0,    0,    0,    0,    0,    0,    0,    0, -999, 10day, 20120925, 24, 322, aoml/5904011/profiles/D5904011_008.nc
AL152012, 20121005, 1200,  , TS, 23.5N,  37.8W,  45,  994,  180,  140,    0,    0,    0,    0,    0,    0,    0,    0,    0,    0, -999, 10day, 20120925, 24, 322, aoml/5904012/profiles/D5904012_008.nc
AL152012, 20121005, 1200,  , TS, 23.5N,  37.8W,  45,  994,  180,  140,    0,    0,    0,    0,    0,    0,    0,    0,    0,    0, -999, 10day, 20120925, 24, 322, aoml/5904015/profiles/D5904015_007.nc
AL152012, 20121005, 1200,  , TS, 23.5N,  37.8W,  45,  994,  180,  140,    0,    0,    0,    0,    0,    0,    0,    0,    0,    0, -999, 11day, 20120924, 24, 322, aoml/5904011/profiles/D5904011_007.nc
AL152012, 20121005, 1200,  , TS, 23.5N,  37.8W,  45,  994,  180,  140,    0,    0,    0,    0,    0,    0,    0,    0,    0,    0, -999, 11day, 20120924, 24, 322, aoml/5904012/profiles/D5904012_007.nc
AL152012, 20121005, 1200,  , TS, 23.5N,  37.8W,  45,  994,  180,  140,    0,    0,    0,    0,    0,    0,    0,    0,    0,    0, -999, 11day, 20120924, 24, 322, aoml/5904015/profiles/D5904015_006.nc
AL152012, 20121005, 1200,  , TS, 23.5N,  37.8W,  45,  994,  180,  140,    0,    0,    0,    0,    0,    0,    0,    0,    0,    0, -999, 12day, 20120923, 24, 322, aoml/4900828/profiles/D4900828_195.nc
AL152012, 20121005, 1200,  , TS, 23.5N,  37.8W,  45,  994,  180,  140,    0,    0,    0,    0,    0,    0,    0,    0,    0,    0, -999, 12day, 20120923, 24, 322, aoml/5904011/profiles/D5904011_006.nc
AL152012, 20121005, 1200,  , TS, 23.5N,  37.8W,  45,  994,  180,  140,    0,    0,    0,    0,    0,    0,    0,    0,    0,    0, -999, 12day, 20120923, 24, 322, aoml/5904012/profiles/D5904012_006.nc
AL152012, 20121005, 1200,  , TS, 23.5N,  37.8W,  45,  994,  180,  140,    0,    0,    0,    0,    0,    0,    0,    0,    0,    0, -999, 12day, 20120923, 24, 322, aoml/5904015/profiles/D5904015_005.nc
AL152012, 20121005, 1200,  , TS, 23.5N,  37.8W,  45,  994,  180,  140,    0,    0,    0,    0,    0,    0,    0,    0,    0,    0, -999, 12day, 20120923, 24, 322, coriolis/6900412/profiles/D6900412_231.nc
AL152012, 20121005, 1200,  , TS, 23.5N,  37.8W,  45,  994,  180,  140,    0,    0,    0,    0,    0,    0,    0,    0,    0,    0, -999, 13day, 20120922, 24, 322, aoml/5904011/profiles/D5904011_005.nc
AL152012, 20121005, 1200,  , TS, 23.5N,  37.8W,  45,  994,  180,  140,    0,    0,    0,    0,    0,    0,    0,    0,    0,    0, -999, 13day, 20120922, 24, 322, aoml/5904012/profiles/D5904012_005.nc
AL152012, 20121005, 1200,  , TS, 23.5N,  37.8W,  45,  994,  180,  140,    0,    0,    0,    0,    0,    0,    0,    0,    0,    0, -999, 13day, 20120922, 24, 322, aoml/5904015/profiles/D5904015_004.nc
AL152012, 20121005, 1200,  , TS, 23.5N,  37.8W,  45,  994,  180,  140,    0,    0,    0,    0,    0,    0,    0,    0,    0,    0, -999, 13day, 20120922, 24, 322, aoml/5904017/profiles/D5904017_004.nc
AL152012, 20121005, 1200,  , TS, 23.5N,  37.8W,  45,  994,  180,  140,    0,    0,    0,    0,    0,    0,    0,    0,    0,    0, -999, 14day, 20120921, 24, 322, aoml/5904011/profiles/D5904011_004.nc
AL152012, 20121005, 1200,  , TS, 23.5N,  37.8W,  45,  994,  180,  140,    0,    0,    0,    0,    0,    0,    0,    0,    0,    0, -999, 14day, 20120921, 24, 322, aoml/5904012/profiles/D5904012_004.nc
AL152012, 20121005, 1200,  , TS, 23.5N,  37.8W,  45,  994,  180,  140,    0,    0,    0,    0,    0,    0,    0,    0,    0,    0, -999, 14day, 20120921, 24, 322, aoml/5904015/profiles/D5904015_003.nc
AL152012, 20121005, 1200,  , TS, 23.5N,  37.8W,  45,  994,  180,  140,    0,    0,    0,    0,    0,    0,    0,    0,    0,    0, -999, 14day, 20120921, 24, 322, aoml/5904017/profiles/D5904017_003.nc
AL152012, 20121005, 1200,  , TS, 23.5N,  37.8W,  45,  994,  180,  140,    0,    0,    0,    0,    0,    0,    0,    0,    0,    0, -999, 15day, 20120920, 24, 322, aoml/5904011/profiles/D5904011_003.nc
AL152012, 20121005, 1200,  , TS, 23.5N,  37.8W,  45,  994,  180,  140,    0,    0,    0,    0,    0,    0,    0,    0,    0,    0, -999, 15day, 20120920, 24, 322, aoml/5904012/profiles/D5904012_003.nc
AL152012, 20121005, 1200,  , TS, 23.5N,  37.8W,  45,  994,  180,  140,    0,    0,    0,    0,    0,    0,    0,    0,    0,    0, -999, 15day, 20120920, 24, 322, aoml/5904017/profiles/D5904017_002.nc
AL152012, 20121005, 1200,  , TS, 23.5N,  37.8W,  45,  994,  180,  140,    0,    0,    0,    0,    0,    0,    0,    0,    0,    0, -999, 0day, 20121005, 24, 322, aoml/5904012/profiles/D5904012_018.nc
AL152012, 20121005, 1200,  , TS, 23.5N,  37.8W,  45,  994,  180,  140,    0,    0,    0,    0,    0,    0,    0,    0,    0,    0, -999, 1day, 20121004, 24, 322, aoml/5904007/profiles/D5904007_017.nc
AL152012, 20121005, 1200,  , TS, 23.5N,  37.8W,  45,  994,  180,  140,    0,    0,    0,    0,    0,    0,    0,    0,    0,    0, -999, 1day, 20121004, 24, 322, aoml/5904011/profiles/D5904011_017.nc
AL152012, 20121005, 1200,  , TS, 23.5N,  37.8W,  45,  994,  180,  140,    0,    0,    0,    0,    0,    0,    0,    0,    0,    0, -999, 1day, 20121004, 24, 322, aoml/5904012/profiles/D5904012_017.nc
AL152012, 20121005, 1200,  , TS, 23.5N,  37.8W,  45,  994,  180,  140,    0,    0,    0,    0,    0,    0,    0,    0,    0,    0, -999, 2day, 20121003, 24, 322, aoml/4900828/profiles/D4900828_196.nc
AL152012, 20121005, 1200,  , TS, 23.5N,  37.8W,  45,  994,  180,  140,    0,    0,    0,    0,    0,    0,    0,    0,    0,    0, -999, 2day, 20121003, 24, 322, aoml/5904007/profiles/D5904007_016.nc
AL152012, 20121005, 1200,  , TS, 23.5N,  37.8W,  45,  994,  180,  140,    0,    0,    0,    0,    0,    0,    0,    0,    0,    0, -999, 2day, 20121003, 24, 322, aoml/5904011/profiles/D5904011_016.nc
AL152012, 20121005, 1200,  , TS, 23.5N,  37.8W,  45,  994,  180,  140,    0,    0,    0,    0,    0,    0,    0,    0,    0,    0, -999, 2day, 20121003, 24, 322, aoml/5904012/profiles/D5904012_016.nc
AL152012, 20121005, 1200,  , TS, 23.5N,  37.8W,  45,  994,  180,  140,    0,    0,    0,    0,    0,    0,    0,    0,    0,    0, -999, 2day, 20121003, 24, 322, coriolis/6900412/profiles/D6900412_232.nc
AL152012, 20121005, 1200,  , TS, 23.5N,  37.8W,  45,  994,  180,  140,    0,    0,    0,    0,    0,    0,    0,    0,    0,    0, -999, 3day, 20121002, 24, 322, aoml/5904007/profiles/D5904007_015.nc
AL152012, 20121005, 1200,  , TS, 23.5N,  37.8W,  45,  994,  180,  140,    0,    0,    0,    0,    0,    0,    0,    0,    0,    0, -999, 3day, 20121002, 24, 322, aoml/5904011/profiles/D5904011_015.nc
AL152012, 20121005, 1200,  , TS, 23.5N,  37.8W,  45,  994,  180,  140,    0,    0,    0,    0,    0,    0,    0,    0,    0,    0, -999, 3day, 20121002, 24, 322, aoml/5904012/profiles/D5904012_015.nc
AL152012, 20121005, 1200,  , TS, 23.5N,  37.8W,  45,  994,  180,  140,    0,    0,    0,    0,    0,    0,    0,    0,    0,    0, -999, 4day, 20121001, 24, 322, aoml/5904007/profiles/D5904007_014.nc
AL152012, 20121005, 1200,  , TS, 23.5N,  37.8W,  45,  994,  180,  140,    0,    0,    0,    0,    0,    0,    0,    0,    0,    0, -999, 4day, 20121001, 24, 322, aoml/5904011/profiles/D5904011_014.nc
AL152012, 20121005, 1200,  , TS, 23.5N,  37.8W,  45,  994,  180,  140,    0,    0,    0,    0,    0,    0,    0,    0,    0,    0, -999, 4day, 20121001, 24, 322, aoml/5904012/profiles/D5904012_014.nc
AL152012, 20121005, 1200,  , TS, 23.5N,  37.8W,  45,  994,  180,  140,    0,    0,    0,    0,    0,    0,    0,    0,    0,    0, -999, 5day, 20120930, 24, 322, aoml/5904011/profiles/D5904011_013.nc
AL152012, 20121005, 1200,  , TS, 23.5N,  37.8W,  45,  994,  180,  140,    0,    0,    0,    0,    0,    0,    0,    0,    0,    0, -999, 5day, 20120930, 24, 322, aoml/5904012/profiles/D5904012_013.nc
AL152012, 20121005, 1200,  , TS, 23.5N,  37.8W,  45,  994,  180,  140,    0,    0,    0,    0,    0,    0,    0,    0,    0,    0, -999, 6day, 20120929, 24, 322, aoml/5904011/profiles/D5904011_012.nc
AL152012, 20121005, 1200,  , TS, 23.5N,  37.8W,  45,  994,  180,  140,    0,    0,    0,    0,    0,    0,    0,    0,    0,    0, -999, 6day, 20120929, 24, 322, aoml/5904012/profiles/D5904012_012.nc
AL152012, 20121005, 1200,  , TS, 23.5N,  37.8W,  45,  994,  180,  140,    0,    0,    0,    0,    0,    0,    0,    0,    0,    0, -999, 7day, 20120928, 24, 322, aoml/5904011/profiles/D5904011_011.nc
AL152012, 20121005, 1200,  , TS, 23.5N,  37.8W,  45,  994,  180,  140,    0,    0,    0,    0,    0,    0,    0,    0,    0,    0, -999, 7day, 20120928, 24, 322, aoml/5904012/profiles/D5904012_011.nc
AL152012, 20121005, 1200,  , TS, 23.5N,  37.8W,  45,  994,  180,  140,    0,    0,    0,    0,    0,    0,    0,    0,    0,    0, -999, 8day, 20120927, 24, 322, aoml/5904011/profiles/D5904011_010.nc
AL152012, 20121005, 1200,  , TS, 23.5N,  37.8W,  45,  994,  180,  140,    0,    0,    0,    0,    0,    0,    0,    0,    0,    0, -999, 8day, 20120927, 24, 322, aoml/5904012/profiles/D5904012_010.nc
AL152012, 20121005, 1200,  , TS, 23.5N,  37.8W,  45,  994,  180,  140,    0,    0,    0,    0,    0,    0,    0,    0,    0,    0, -999, 9day, 20120926, 24, 322, aoml/5904011/profiles/D5904011_009.nc
AL152012, 20121005, 1200,  , TS, 23.5N,  37.8W,  45,  994,  180,  140,    0,    0,    0,    0,    0,    0,    0,    0,    0,    0, -999, 9day, 20120926, 24, 322, aoml/5904012/profiles/D5904012_009.nc
AL152012, 20121005, 1200,  , TS, 23.5N,  37.8W,  45,  994,  180,  140,    0,    0,    0,    0,    0,    0,    0,    0,    0,    0, -999, 10day, 20120925, 24, 322, aoml/5904011/profiles/D5904011_008.nc
AL152012, 20121005, 1200,  , TS, 23.5N,  37.8W,  45,  994,  180,  140,    0,    0,    0,    0,    0,    0,    0,    0,    0,    0, -999, 10day, 20120925, 24, 322, aoml/5904012/profiles/D5904012_008.nc
AL152012, 20121005, 1200,  , TS, 23.5N,  37.8W,  45,  994,  180,  140,    0,    0,    0,    0,    0,    0,    0,    0,    0,    0, -999, 10day, 20120925, 24, 322, aoml/5904015/profiles/D5904015_007.nc
AL152012, 20121005, 1200,  , TS, 23.5N,  37.8W,  45,  994,  180,  140,    0,    0,    0,    0,    0,    0,    0,    0,    0,    0, -999, 11day, 20120924, 24, 322, aoml/5904011/profiles/D5904011_007.nc
AL152012, 20121005, 1200,  , TS, 23.5N,  37.8W,  45,  994,  180,  140,    0,    0,    0,    0,    0,    0,    0,    0,    0,    0, -999, 11day, 20120924, 24, 322, aoml/5904012/profiles/D5904012_007.nc
AL152012, 20121005, 1200,  , TS, 23.5N,  37.8W,  45,  994,  180,  140,    0,    0,    0,    0,    0,    0,    0,    0,    0,    0, -999, 11day, 20120924, 24, 322, aoml/5904015/profiles/D5904015_006.nc
AL152012, 20121005, 1200,  , TS, 23.5N,  37.8W,  45,  994,  180,  140,    0,    0,    0,    0,    0,    0,    0,    0,    0,    0, -999, 12day, 20120923, 24, 322, aoml/4900828/profiles/D4900828_195.nc
AL152012, 20121005, 1200,  , TS, 23.5N,  37.8W,  45,  994,  180,  140,    0,    0,    0,    0,    0,    0,    0,    0,    0,    0, -999, 12day, 20120923, 24, 322, aoml/5904011/profiles/D5904011_006.nc
AL152012, 20121005, 1200,  , TS, 23.5N,  37.8W,  45,  994,  180,  140,    0,    0,    0,    0,    0,    0,    0,    0,    0,    0, -999, 12day, 20120923, 24, 322, aoml/5904012/profiles/D5904012_006.nc
AL152012, 20121005, 1200,  , TS, 23.5N,  37.8W,  45,  994,  180,  140,    0,    0,    0,    0,    0,    0,    0,    0,    0,    0, -999, 12day, 20120923, 24, 322, aoml/5904015/profiles/D5904015_005.nc
AL152012, 20121005, 1200,  , TS, 23.5N,  37.8W,  45,  994,  180,  140,    0,    0,    0,    0,    0,    0,    0,    0,    0,    0, -999, 12day, 20120923, 24, 322, coriolis/6900412/profiles/D6900412_231.nc
AL152012, 20121005, 1200,  , TS, 23.5N,  37.8W,  45,  994,  180,  140,    0,    0,    0,    0,    0,    0,    0,    0,    0,    0, -999, 13day, 20120922, 24, 322, aoml/5904011/profiles/D5904011_005.nc
AL152012, 20121005, 1200,  , TS, 23.5N,  37.8W,  45,  994,  180,  140,    0,    0,    0,    0,    0,    0,    0,    0,    0,    0, -999, 13day, 20120922, 24, 322, aoml/5904012/profiles/D5904012_005.nc
AL152012, 20121005, 1200,  , TS, 23.5N,  37.8W,  45,  994,  180,  140,    0,    0,    0,    0,    0,    0,    0,    0,    0,    0, -999, 13day, 20120922, 24, 322, aoml/5904015/profiles/D5904015_004.nc
AL152012, 20121005, 1200,  , TS, 23.5N,  37.8W,  45,  994,  180,  140,    0,    0,    0,    0,    0,    0,    0,    0,    0,    0, -999, 13day, 20120922, 24, 322, aoml/5904017/profiles/D5904017_004.nc
AL152012, 20121005, 1200,  , TS, 23.5N,  37.8W,  45,  994,  180,  140,    0,    0,    0,    0,    0,    0,    0,    0,    0,    0, -999, 14day, 20120921, 24, 322, aoml/5904011/profiles/D5904011_004.nc
AL152012, 20121005, 1200,  , TS, 23.5N,  37.8W,  45,  994,  180,  140,    0,    0,    0,    0,    0,    0,    0,    0,    0,    0, -999, 14day, 20120921, 24, 322, aoml/5904012/profiles/D5904012_004.nc
AL152012, 20121005, 1200,  , TS, 23.5N,  37.8W,  45,  994,  180,  140,    0,    0,    0,    0,    0,    0,    0,    0,    0,    0, -999, 14day, 20120921, 24, 322, aoml/5904015/profiles/D5904015_003.nc
AL152012, 20121005, 1200,  , TS, 23.5N,  37.8W,  45,  994,  180,  140,    0,    0,    0,    0,    0,    0,    0,    0,    0,    0, -999, 14day, 20120921, 24, 322, aoml/5904017/profiles/D5904017_003.nc
AL152012, 20121005, 1200,  , TS, 23.5N,  37.8W,  45,  994,  180,  140,    0,    0,    0,    0,    0,    0,    0,    0,    0,    0, -999, 15day, 20120920, 24, 322, aoml/5904011/profiles/D5904011_003.nc
AL152012, 20121005, 1200,  , TS, 23.5N,  37.8W,  45,  994,  180,  140,    0,    0,    0,    0,    0,    0,    0,    0,    0,    0, -999, 15day, 20120920, 24, 322, aoml/5904012/profiles/D5904012_003.nc
AL152012, 20121005, 1200,  , TS, 23.5N,  37.8W,  45,  994,  180,  140,    0,    0,    0,    0,    0,    0,    0,    0,    0,    0, -999, 15day, 20120920, 24, 322, aoml/5904017/profiles/D5904017_002.nc
AL052013, 20130819, 0000,  , LO, 20.3N,  40.4W,  25, 1009,    0,    0,    0,    0,    0,    0,    0,    0,    0,    0,    0,    0, -999, 0day, 20130819, 20, 320, coriolis/6901473/profiles/D6901473_130.nc
AL052013, 20130819, 0000,  , LO, 20.3N,  40.4W,  25, 1009,    0,    0,    0,    0,    0,    0,    0,    0,    0,    0,    0,    0, -999, 4day, 20130815, 20, 320, aoml/1901459/profiles/D1901459_119.nc
AL052013, 20130819, 0000,  , LO, 20.3N,  40.4W,  25, 1009,    0,    0,    0,    0,    0,    0,    0,    0,    0,    0,    0,    0, -999, 9day, 20130810, 20, 320, coriolis/6901473/profiles/D6901473_129.nc
AL052013, 20130819, 0000,  , LO, 20.3N,  40.4W,  25, 1009,    0,    0,    0,    0,    0,    0,    0,    0,    0,    0,    0,    0, -999, 10day, 20130809, 20, 320, coriolis/6901473/profiles/D6901473_126.nc
AL052013, 20130819, 0000,  , LO, 20.3N,  40.4W,  25, 1009,    0,    0,    0,    0,    0,    0,    0,    0,    0,    0,    0,    0, -999, 10day, 20130809, 20, 320, coriolis/6901473/profiles/D6901473_127.nc
AL052013, 20130819, 0000,  , LO, 20.3N,  40.4W,  25, 1009,    0,    0,    0,    0,    0,    0,    0,    0,    0,    0,    0,    0, -999, 10day, 20130809, 20, 320, coriolis/6901473/profiles/D6901473_128.nc
AL052013, 20130819, 0000,  , LO, 20.3N,  40.4W,  25, 1009,    0,    0,    0,    0,    0,    0,    0,    0,    0,    0,    0,    0, -999, 14day, 20130805, 20, 320, aoml/1901459/profiles/D1901459_118.nc
AL052013, 20130819, 0000,  , LO, 20.3N,  40.4W,  25, 1009,    0,    0,    0,    0,    0,    0,    0,    0,    0,    0,    0,    0, -999, 0day, 20130819, 20, 320, coriolis/6901473/profiles/D6901473_131.nc
AL052013, 20130819, 0000,  , LO, 20.3N,  40.4W,  25, 1009,    0,    0,    0,    0,    0,    0,    0,    0,    0,    0,    0,    0, -999, 4day, 20130815, 20, 320, aoml/1901459/profiles/D1901459_119.nc
AL052013, 20130819, 0000,  , LO, 20.3N,  40.4W,  25, 1009,    0,    0,    0,    0,    0,    0,    0,    0,    0,    0,    0,    0, -999, 9day, 20130810, 20, 320, coriolis/6901473/profiles/D6901473_129.nc
AL052013, 20130819, 0000,  , LO, 20.3N,  40.4W,  25, 1009,    0,    0,    0,    0,    0,    0,    0,    0,    0,    0,    0,    0, -999, 10day, 20130809, 20, 320, coriolis/6901473/profiles/D6901473_126.nc
AL052013, 20130819, 0000,  , LO, 20.3N,  40.4W,  25, 1009,    0,    0,    0,    0,    0,    0,    0,    0,    0,    0,    0,    0, -999, 10day, 20130809, 20, 320, coriolis/6901473/profiles/D6901473_127.nc
AL052013, 20130819, 0000,  , LO, 20.3N,  40.4W,  25, 1009,    0,    0,    0,    0,    0,    0,    0,    0,    0,    0,    0,    0, -999, 10day, 20130809, 20, 320, coriolis/6901473/profiles/D6901473_128.nc
AL052013, 20130819, 0000,  , LO, 20.3N,  40.4W,  25, 1009,    0,    0,    0,    0,    0,    0,    0,    0,    0,    0,    0,    0, -999, 14day, 20130805, 20, 320, aoml/1901459/profiles/D1901459_118.nc
AL052013, 20130819, 0000,  , LO, 20.3N,  40.4W,  25, 1009,    0,    0,    0,    0,    0,    0,    0,    0,    0,    0,    0,    0, -999, 0day, 20130819, 20, 320, coriolis/6901473/profiles/D6901473_132.nc
AL052013, 20130819, 0000,  , LO, 20.3N,  40.4W,  25, 1009,    0,    0,    0,    0,    0,    0,    0,    0,    0,    0,    0,    0, -999, 4day, 20130815, 20, 320, aoml/1901459/profiles/D1901459_119.nc
AL052013, 20130819, 0000,  , LO, 20.3N,  40.4W,  25, 1009,    0,    0,    0,    0,    0,    0,    0,    0,    0,    0,    0,    0, -999, 9day, 20130810, 20, 320, coriolis/6901473/profiles/D6901473_129.nc
AL052013, 20130819, 0000,  , LO, 20.3N,  40.4W,  25, 1009,    0,    0,    0,    0,    0,    0,    0,    0,    0,    0,    0,    0, -999, 10day, 20130809, 20, 320, coriolis/6901473/profiles/D6901473_126.nc
AL052013, 20130819, 0000,  , LO, 20.3N,  40.4W,  25, 1009,    0,    0,    0,    0,    0,    0,    0,    0,    0,    0,    0,    0, -999, 10day, 20130809, 20, 320, coriolis/6901473/profiles/D6901473_127.nc
AL052013, 20130819, 0000,  , LO, 20.3N,  40.4W,  25, 1009,    0,    0,    0,    0,    0,    0,    0,    0,    0,    0,    0,    0, -999, 10day, 20130809, 20, 320, coriolis/6901473/profiles/D6901473_128.nc
AL052013, 20130819, 0000,  , LO, 20.3N,  40.4W,  25, 1009,    0,    0,    0,    0,    0,    0,    0,    0,    0,    0,    0,    0, -999, 14day, 20130805, 20, 320, aoml/1901459/profiles/D1901459_118.nc
AL092013, 20130908, 1200,  , LO, 13.0N,  19.3W,  25, 1009,    0,    0,    0,    0,    0,    0,    0,    0,    0,    0,    0,    0, -999, 0day, 20130908, 13, 341, coriolis/6900919/profiles/D6900919_055.nc
AL092013, 20130908, 1200,  , LO, 13.0N,  19.3W,  25, 1009,    0,    0,    0,    0,    0,    0,    0,    0,    0,    0,    0,    0, -999, 10day, 20130829, 13, 341, coriolis/6900919/profiles/D6900919_054.nc
AL012014, 20140709, 0000,  , EX, 60.3N,  56.7W,  30,  997,    0,    0,    0,    0,    0,    0,    0,    0,    0,    0,    0,    0, -999, 0day, 20140709, 60, 303, coriolis/6900973/profiles/D6900973_076.nc
AL012014, 20140709, 0000,  , EX, 60.3N,  56.7W,  30,  997,    0,    0,    0,    0,    0,    0,    0,    0,    0,    0,    0,    0, -999, 11day, 20140628, 60, 303, meds/4901200/profiles/D4901200_074.nc
AL072014, 20141011, 1200,  , TS, 27.2N,  65.3W,  60,  990,  120,   80,   80,  120,   50,   50,   20,   50,    0,    0,    0,    0, -999, 0day, 20141011, 27, 295, aoml/4901206/profiles/D4901206_154.nc
AL072014, 20141011, 1200,  , TS, 27.2N,  65.3W,  60,  990,  120,   80,   80,  120,   50,   50,   20,   50,    0,    0,    0,    0, -999, 10day, 20141001, 27, 295, aoml/4901206/profiles/D4901206_153.nc
AL102015, 20150918, 0600,  , TD, 12.9N,  35.7W,  25, 1007,    0,    0,    0,    0,    0,    0,    0,    0,    0,    0,    0,    0, -999, 0day, 20150918, 13, 324, aoml/1901687/profiles/D1901687_077.nc
AL102015, 20150918, 0600,  , TD, 12.9N,  35.7W,  25, 1007,    0,    0,    0,    0,    0,    0,    0,    0,    0,    0,    0,    0, -999, 10day, 20150908, 13, 324, aoml/1901687/profiles/D1901687_076.nc
AL102015, 20150918, 1200,  , TD, 13.2N,  36.4W,  25, 1007,    0,    0,    0,    0,    0,    0,    0,    0,    0,    0,    0,    0, -999, 0day, 20150918, 13, 324, aoml/1901687/profiles/D1901687_077.nc
AL102015, 20150918, 1200,  , TD, 13.2N,  36.4W,  25, 1007,    0,    0,    0,    0,    0,    0,    0,    0,    0,    0,    0,    0, -999, 10day, 20150908, 13, 324, aoml/1901687/profiles/D1901687_076.nc
AL112015, 20150929, 0000,  , TS, 26.9N,  70.1W,  35, 1002,    0,   60,    0,    0,    0,    0,    0,    0,    0,    0,    0,    0, -999, 0day, 20150929, 27, 290, aoml/4901451/profiles/D4901451_099.nc
AL112015, 20150929, 0000,  , TS, 26.9N,  70.1W,  35, 1002,    0,   60,    0,    0,    0,    0,    0,    0,    0,    0,    0,    0, -999, 10day, 20150919, 27, 290, aoml/4901451/profiles/D4901451_098.nc
AL112015, 20151006, 1200,  , HU, 37.9N,  60.4W,  70,  974,  160,  190,  190,  150,   90,  100,   80,   70,   40,   40,   25,   30, -999, 0day, 20151006, 38, 300, aoml/4901707/profiles/D4901707_075.nc
AL112015, 20151006, 1200,  , HU, 37.9N,  60.4W,  70,  974,  160,  190,  190,  150,   90,  100,   80,   70,   40,   40,   25,   30, -999, 3day, 20151003, 38, 300, aoml/4901631/profiles/D4901631_055.nc
AL122015, 20151113, 0000,  , EX, 41.5N,  49.2W,  50,  985,  540,  520,  200,  220,  120,  120,   60,    0,    0,    0,    0,    0, -999, 0day, 20151113, 42, 311, coriolis/6901508/profiles/D6901508_056.nc
AL122015, 20151113, 0000,  , EX, 41.5N,  49.2W,  50,  985,  540,  520,  200,  220,  120,  120,   60,    0,    0,    0,    0,    0, -999, 10day, 20151103, 42, 311, coriolis/6901508/profiles/D6901508_055.nc
AL012016, 20160107, 0600,  , EX, 27.6N,  74.7W,  45, 1003,  200,   90,  120,  170,    0,    0,    0,    0,    0,    0,    0,    0, -999, 0day, 20160107, 28, 285, aoml/4901453/profiles/D4901453_109.nc
AL012016, 20160107, 0600,  , EX, 27.6N,  74.7W,  45, 1003,  200,   90,  120,  170,    0,    0,    0,    0,    0,    0,    0,    0, -999, 10day, 20151228, 28, 285, aoml/4901453/profiles/D4901453_108.nc
AL072016, 20160830, 0000,  , HU, 31.4N,  54.9W,  85,  970,  120,  120,   80,   80,   60,   60,   40,   40,   30,   30,   20,   25, -999, 0day, 20160830, 31, 305, aoml/5904000/profiles/D5904000_180.nc
AL072016, 20160830, 0000,  , HU, 31.4N,  54.9W,  85,  970,  120,  120,   80,   80,   60,   60,   40,   40,   30,   30,   20,   25, -999, 7day, 20160823, 31, 305, meds/4901765/profiles/D4901765_086.nc
AL072016, 20160830, 0000,  , HU, 31.4N,  54.9W,  85,  970,  120,  120,   80,   80,   60,   60,   40,   40,   30,   30,   20,   25, -999, 8day, 20160822, 31, 305, aoml/5904000/profiles/D5904000_179.nc
AL082016, 20160827, 1800,  , LO, 31.0N,  66.9W,  25, 1011,    0,    0,    0,    0,    0,    0,    0,    0,    0,    0,    0,    0, -999, 0day, 20160827, 31, 293, aoml/4902114/profiles/D4902114_015.nc
AL082016, 20160827, 1800,  , LO, 31.0N,  66.9W,  25, 1011,    0,    0,    0,    0,    0,    0,    0,    0,    0,    0,    0,    0, -999, 10day, 20160817, 31, 293, aoml/4902114/profiles/D4902114_014.nc
AL122016, 20160912, 1800,  , LO, 13.1N,  19.0W,  20, 1010,    0,    0,    0,    0,    0,    0,    0,    0,    0,    0,    0,    0, -999, 0day, 20160912, 13, 341, coriolis/6900890/profiles/D6900890_224.nc
AL122016, 20160912, 1800,  , LO, 13.1N,  19.0W,  20, 1010,    0,    0,    0,    0,    0,    0,    0,    0,    0,    0,    0,    0, -999, 1day, 20160911, 13, 341, coriolis/6901618/profiles/D6901618_066.nc
AL122016, 20160912, 1800,  , LO, 13.1N,  19.0W,  20, 1010,    0,    0,    0,    0,    0,    0,    0,    0,    0,    0,    0,    0, -999, 5day, 20160907, 13, 341, coriolis/6900890/profiles/D6900890_223.nc
AL122016, 20160912, 1800,  , LO, 13.1N,  19.0W,  20, 1010,    0,    0,    0,    0,    0,    0,    0,    0,    0,    0,    0,    0, -999, 9day, 20160903, 13, 341, coriolis/6900890/profiles/D6900890_222.nc
AL122016, 20160912, 1800,  , LO, 13.1N,  19.0W,  20, 1010,    0,    0,    0,    0,    0,    0,    0,    0,    0,    0,    0,    0, -999, 11day, 20160901, 13, 341, coriolis/6901618/profiles/D6901618_065.nc
AL122016, 20160912, 1800,  , LO, 13.1N,  19.0W,  20, 1010,    0,    0,    0,    0,    0,    0,    0,    0,    0,    0,    0,    0, -999, 14day, 20160829, 13, 341, coriolis/6900890/profiles/D6900890_221.nc
AL152016, 20161015, 0600,  , HU, 38.0N,  52.6W,  75,  965,  240,  270,  240,  270,   90,  120,  150,  150,   30,   60,   50,   70, -999, 0day, 20161015, 38, 307, aoml/4901707/profiles/D4901707_150.nc
AL152016, 20161015, 0600,  , HU, 38.0N,  52.6W,  75,  965,  240,  270,  240,  270,   90,  120,  150,  150,   30,   60,   50,   70, -999, 5day, 20161010, 38, 307, aoml/4901707/profiles/D4901707_149.nc
AL132017, 20170907, 0000,  , HU, 21.7N,  94.9W,  70,  989,   50,   40,   40,   20,   20,   20,   20,   10,   10,   10,   10,    0, -999, 0day, 20170907, 22, 265, aoml/4902917/profiles/D4902917_019.nc
AL132017, 20170907, 0000,  , HU, 21.7N,  94.9W,  70,  989,   50,   40,   40,   20,   20,   20,   20,   10,   10,   10,   10,    0, -999, 5day, 20170902, 22, 265, aoml/4902917/profiles/D4902917_018.nc
AL132017, 20170907, 0000,  , HU, 21.7N,  94.9W,  70,  989,   50,   40,   40,   20,   20,   20,   20,   10,   10,   10,   10,    0, -999, 9day, 20170829, 22, 265, aoml/4901476/profiles/D4901476_161.nc
AL132017, 20170907, 0000,  , HU, 21.7N,  94.9W,  70,  989,   50,   40,   40,   20,   20,   20,   20,   10,   10,   10,   10,    0, -999, 10day, 20170828, 22, 265, aoml/4902916/profiles/D4902916_017.nc
AL132017, 20170907, 0000,  , HU, 21.7N,  94.9W,  70,  989,   50,   40,   40,   20,   20,   20,   20,   10,   10,   10,   10,    0, -999, 10day, 20170828, 22, 265, aoml/4902917/profiles/D4902917_017.nc
AL132017, 20170907, 0000,  , HU, 21.7N,  94.9W,  70,  989,   50,   40,   40,   20,   20,   20,   20,   10,   10,   10,   10,    0, -999, 15day, 20170823, 22, 265, aoml/4902916/profiles/D4902916_016.nc
AL132017, 20170907, 0000,  , HU, 21.7N,  94.9W,  70,  989,   50,   40,   40,   20,   20,   20,   20,   10,   10,   10,   10,    0, -999, 15day, 20170823, 22, 265, aoml/4902917/profiles/D4902917_016.nc
AL132017, 20170907, 0600,  , HU, 21.6N,  94.6W,  70,  985,   50,   40,   40,   20,   20,   20,   20,   10,   10,   10,   10,    0, -999, 0day, 20170907, 22, 265, aoml/4902917/profiles/D4902917_019.nc
AL132017, 20170907, 0600,  , HU, 21.6N,  94.6W,  70,  985,   50,   40,   40,   20,   20,   20,   20,   10,   10,   10,   10,    0, -999, 5day, 20170902, 22, 265, aoml/4902917/profiles/D4902917_018.nc
AL132017, 20170907, 0600,  , HU, 21.6N,  94.6W,  70,  985,   50,   40,   40,   20,   20,   20,   20,   10,   10,   10,   10,    0, -999, 9day, 20170829, 22, 265, aoml/4901476/profiles/D4901476_161.nc
AL132017, 20170907, 0600,  , HU, 21.6N,  94.6W,  70,  985,   50,   40,   40,   20,   20,   20,   20,   10,   10,   10,   10,    0, -999, 10day, 20170828, 22, 265, aoml/4902916/profiles/D4902916_017.nc
AL132017, 20170907, 0600,  , HU, 21.6N,  94.6W,  70,  985,   50,   40,   40,   20,   20,   20,   20,   10,   10,   10,   10,    0, -999, 10day, 20170828, 22, 265, aoml/4902917/profiles/D4902917_017.nc
AL132017, 20170907, 0600,  , HU, 21.6N,  94.6W,  70,  985,   50,   40,   40,   20,   20,   20,   20,   10,   10,   10,   10,    0, -999, 15day, 20170823, 22, 265, aoml/4902916/profiles/D4902916_016.nc
AL132017, 20170907, 0600,  , HU, 21.6N,  94.6W,  70,  985,   50,   40,   40,   20,   20,   20,   20,   10,   10,   10,   10,    0, -999, 15day, 20170823, 22, 265, aoml/4902917/profiles/D4902917_016.nc
AL132017, 20170907, 1200,  , HU, 21.6N,  94.6W,  70,  982,   50,   40,   40,   20,   20,   20,   20,   10,   10,   10,   10,    0, -999, 0day, 20170907, 22, 265, aoml/4902917/profiles/D4902917_019.nc
AL132017, 20170907, 1200,  , HU, 21.6N,  94.6W,  70,  982,   50,   40,   40,   20,   20,   20,   20,   10,   10,   10,   10,    0, -999, 5day, 20170902, 22, 265, aoml/4902917/profiles/D4902917_018.nc
AL132017, 20170907, 1200,  , HU, 21.6N,  94.6W,  70,  982,   50,   40,   40,   20,   20,   20,   20,   10,   10,   10,   10,    0, -999, 9day, 20170829, 22, 265, aoml/4901476/profiles/D4901476_161.nc
AL132017, 20170907, 1200,  , HU, 21.6N,  94.6W,  70,  982,   50,   40,   40,   20,   20,   20,   20,   10,   10,   10,   10,    0, -999, 10day, 20170828, 22, 265, aoml/4902916/profiles/D4902916_017.nc
AL132017, 20170907, 1200,  , HU, 21.6N,  94.6W,  70,  982,   50,   40,   40,   20,   20,   20,   20,   10,   10,   10,   10,    0, -999, 10day, 20170828, 22, 265, aoml/4902917/profiles/D4902917_017.nc
AL132017, 20170907, 1200,  , HU, 21.6N,  94.6W,  70,  982,   50,   40,   40,   20,   20,   20,   20,   10,   10,   10,   10,    0, -999, 15day, 20170823, 22, 265, aoml/4902916/profiles/D4902916_016.nc
AL132017, 20170907, 1200,  , HU, 21.6N,  94.6W,  70,  982,   50,   40,   40,   20,   20,   20,   20,   10,   10,   10,   10,    0, -999, 15day, 20170823, 22, 265, aoml/4902917/profiles/D4902917_016.nc
AL132017, 20170907, 1800,  , HU, 21.6N,  94.6W,  70,  982,   50,   40,   40,   30,   20,   20,   20,   10,   10,   10,   10,    0, -999, 0day, 20170907, 22, 265, aoml/4902917/profiles/D4902917_019.nc
AL132017, 20170907, 1800,  , HU, 21.6N,  94.6W,  70,  982,   50,   40,   40,   30,   20,   20,   20,   10,   10,   10,   10,    0, -999, 5day, 20170902, 22, 265, aoml/4902917/profiles/D4902917_018.nc
AL132017, 20170907, 1800,  , HU, 21.6N,  94.6W,  70,  982,   50,   40,   40,   30,   20,   20,   20,   10,   10,   10,   10,    0, -999, 9day, 20170829, 22, 265, aoml/4901476/profiles/D4901476_161.nc
AL132017, 20170907, 1800,  , HU, 21.6N,  94.6W,  70,  982,   50,   40,   40,   30,   20,   20,   20,   10,   10,   10,   10,    0, -999, 10day, 20170828, 22, 265, aoml/4902916/profiles/D4902916_017.nc
AL132017, 20170907, 1800,  , HU, 21.6N,  94.6W,  70,  982,   50,   40,   40,   30,   20,   20,   20,   10,   10,   10,   10,    0, -999, 10day, 20170828, 22, 265, aoml/4902917/profiles/D4902917_017.nc
AL132017, 20170907, 1800,  , HU, 21.6N,  94.6W,  70,  982,   50,   40,   40,   30,   20,   20,   20,   10,   10,   10,   10,    0, -999, 15day, 20170823, 22, 265, aoml/4902916/profiles/D4902916_016.nc
AL132017, 20170907, 1800,  , HU, 21.6N,  94.6W,  70,  982,   50,   40,   40,   30,   20,   20,   20,   10,   10,   10,   10,    0, -999, 15day, 20170823, 22, 265, aoml/4902917/profiles/D4902917_016.nc
AL132017, 20170908, 0000,  , HU, 21.5N,  95.0W,  75,  982,   50,   50,   50,   40,   20,   20,   20,   20,   10,   10,   10,    0, -999, 0day, 20170908, 22, 265, aoml/4901476/profiles/D4901476_162.nc
AL132017, 20170908, 0000,  , HU, 21.5N,  95.0W,  75,  982,   50,   50,   50,   40,   20,   20,   20,   20,   10,   10,   10,    0, -999, 1day, 20170907, 22, 265, aoml/4902917/profiles/D4902917_019.nc
AL132017, 20170908, 0000,  , HU, 21.5N,  95.0W,  75,  982,   50,   50,   50,   40,   20,   20,   20,   20,   10,   10,   10,    0, -999, 6day, 20170902, 22, 265, aoml/4902917/profiles/D4902917_018.nc
AL132017, 20170908, 0000,  , HU, 21.5N,  95.0W,  75,  982,   50,   50,   50,   40,   20,   20,   20,   20,   10,   10,   10,    0, -999, 10day, 20170829, 22, 265, aoml/4901476/profiles/D4901476_161.nc
AL132017, 20170908, 0000,  , HU, 21.5N,  95.0W,  75,  982,   50,   50,   50,   40,   20,   20,   20,   20,   10,   10,   10,    0, -999, 11day, 20170828, 22, 265, aoml/4902916/profiles/D4902916_017.nc
AL132017, 20170908, 0000,  , HU, 21.5N,  95.0W,  75,  982,   50,   50,   50,   40,   20,   20,   20,   20,   10,   10,   10,    0, -999, 11day, 20170828, 22, 265, aoml/4902917/profiles/D4902917_017.nc
AL142017, 20170919, 1800,  , TS, 16.8N,  44.4W,  35, 1007,   40,    0,    0,    0,    0,    0,    0,    0,    0,    0,    0,    0, -999, 0day, 20170919, 17, 316, aoml/4901583/profiles/D4901583_149.nc
AL142017, 20170919, 1800,  , TS, 16.8N,  44.4W,  35, 1007,   40,    0,    0,    0,    0,    0,    0,    0,    0,    0,    0,    0, -999, 4day, 20170915, 17, 316, aoml/3901042/profiles/D3901042_146.nc
AL142017, 20170919, 1800,  , TS, 16.8N,  44.4W,  35, 1007,   40,    0,    0,    0,    0,    0,    0,    0,    0,    0,    0,    0, -999, 10day, 20170909, 17, 316, aoml/4901583/profiles/D4901583_148.nc
AL152017, 20170929, 0600,  , TS, 37.0N,  64.6W,  50,  987,  100,  210,  220,  180,    0,   90,  100,    0,    0,    0,    0,    0, -999, 0day, 20170929, 37, 295, aoml/4902114/profiles/D4902114_055.nc
AL152017, 20170929, 0600,  , TS, 37.0N,  64.6W,  50,  987,  100,  210,  220,  180,    0,   90,  100,    0,    0,    0,    0,    0, -999, 12day, 20170917, 37, 295, coriolis/6902633/profiles/D6902633_073.nc
AL012018, 20180525, 1800,  , SD, 18.7N,  86.5W,  30, 1006,    0,    0,    0,    0,    0,    0,    0,    0,    0,    0,    0,    0, -999, 0day, 20180525, 19, 274, aoml/4901716/profiles/D4901716_116.nc
AL012018, 20180525, 1800,  , SD, 18.7N,  86.5W,  30, 1006,    0,    0,    0,    0,    0,    0,    0,    0,    0,    0,    0,    0, -999, 9day, 20180516, 19, 274, aoml/4901716/profiles/D4901716_115.nc
AL022018, 20180717, 0000,  , LO, 43.0N,  57.1W,  30, 1012,    0,    0,    0,    0,    0,    0,    0,    0,    0,    0,    0,    0, -999, 0day, 20180717, 43, 303, coriolis/3901639/profiles/D3901639_024.nc
AL022018, 20180717, 0000,  , LO, 43.0N,  57.1W,  30, 1012,    0,    0,    0,    0,    0,    0,    0,    0,    0,    0,    0,    0, -999, 10day, 20180707, 43, 303, coriolis/3901639/profiles/D3901639_023.nc
AL032018, 20180713, 1800,  , EX, 52.0N,  39.0W,  40, 1000,    0,  240,  300,    0,    0,    0,    0,    0,    0,    0,    0,    0, -999, 0day, 20180713, 52, 321, coriolis/3901629/profiles/D3901629_040.nc
AL032018, 20180713, 1800,  , EX, 52.0N,  39.0W,  40, 1000,    0,  240,  300,    0,    0,    0,    0,    0,    0,    0,    0,    0, -999, 10day, 20180703, 52, 321, coriolis/3901629/profiles/D3901629_039.nc
AL052018, 20180817, 0000,  , TS, 43.5N,  40.2W,  40, 1007,   90,  140,    0,    0,    0,    0,    0,    0,    0,    0,    0,    0, -999, 0day, 20180817, 44, 320, aoml/5903106/profiles/D5903106_198.nc
AL052018, 20180817, 0000,  , TS, 43.5N,  40.2W,  40, 1007,   90,  140,    0,    0,    0,    0,    0,    0,    0,    0,    0,    0, -999, 2day, 20180815, 44, 320, aoml/5903106/profiles/D5903106_197.nc
AL052018, 20180817, 0000,  , TS, 43.5N,  40.2W,  40, 1007,   90,  140,    0,    0,    0,    0,    0,    0,    0,    0,    0,    0, -999, 4day, 20180813, 44, 320, aoml/5903106/profiles/D5903106_196.nc
AL052018, 20180817, 0000,  , TS, 43.5N,  40.2W,  40, 1007,   90,  140,    0,    0,    0,    0,    0,    0,    0,    0,    0,    0, -999, 6day, 20180811, 44, 320, aoml/5903106/profiles/D5903106_195.nc
AL082018, 20180912, 1200,  , HU, 19.8N,  36.3W,  80,  976,  130,  110,   90,  120,   70,   60,   60,   70,   40,   30,   30,   40, -999, 0day, 20180912, 20, 324, bodc/3901952/profiles/D3901952_035.nc
AL082018, 20180912, 1200,  , HU, 19.8N,  36.3W,  80,  976,  130,  110,   90,  120,   70,   60,   60,   70,   40,   30,   30,   40, -999, 10day, 20180902, 20, 324, bodc/3901952/profiles/D3901952_034.nc
AL102018, 20180920, 1800,  , LO, 29.6N,  33.2W,  20, 1014,    0,    0,    0,    0,    0,    0,    0,    0,    0,    0,    0,    0, -999, 0day, 20180920, 30, 327, bodc/6901124/profiles/D6901124_255.nc
AL102018, 20180920, 1800,  , LO, 29.6N,  33.2W,  20, 1014,    0,    0,    0,    0,    0,    0,    0,    0,    0,    0,    0,    0, -999, 10day, 20180910, 30, 327, bodc/6901124/profiles/D6901124_254.nc
AL122018, 20180922, 1200,  , TS,  8.1N,  22.9W,  35, 1005,   20,    0,    0,   20,    0,    0,    0,    0,    0,    0,    0,    0, -999, 0day, 20180922, 8, 337, aoml/1901728/profiles/D1901728_152.nc
AL122018, 20180922, 1200,  , TS,  8.1N,  22.9W,  35, 1005,   20,    0,    0,   20,    0,    0,    0,    0,    0,    0,    0,    0, -999, 10day, 20180912, 8, 337, aoml/1901728/profiles/D1901728_151.nc
AL122018, 20180923, 0600,  , TS,  9.1N,  27.3W,  35, 1005,   40,    0,    0,    0,    0,    0,    0,    0,    0,    0,    0,    0, -999, 0day, 20180923, 9, 333, bodc/6901175/profiles/D6901175_301.nc
AL122018, 20180923, 0600,  , TS,  9.1N,  27.3W,  35, 1005,   40,    0,    0,    0,    0,    0,    0,    0,    0,    0,    0,    0, -999, 5day, 20180918, 9, 333, bodc/6901175/profiles/D6901175_300.nc
AL122018, 20180923, 0600,  , TS,  9.1N,  27.3W,  35, 1005,   40,    0,    0,    0,    0,    0,    0,    0,    0,    0,    0,    0, -999, 10day, 20180913, 9, 333, bodc/6901175/profiles/D6901175_299.nc
AL122018, 20180923, 0600,  , TS,  9.1N,  27.3W,  35, 1005,   40,    0,    0,    0,    0,    0,    0,    0,    0,    0,    0,    0, -999, 15day, 20180908, 9, 333, bodc/6901175/profiles/D6901175_298.nc
AL132018, 20180923, 1800,  , SS, 33.5N,  47.0W,  35, 1002,    0,    0,    0,  200,    0,    0,    0,    0,    0,    0,    0,    0, -999, 0day, 20180923, 34, 313, coriolis/3901658/profiles/D3901658_025.nc
AL132018, 20180923, 1800,  , SS, 33.5N,  47.0W,  35, 1002,    0,    0,    0,  200,    0,    0,    0,    0,    0,    0,    0,    0, -999, 10day, 20180913, 34, 313, coriolis/3901658/profiles/D3901658_024.nc
AL132018, 20180923, 1800,  , SS, 33.5N,  47.0W,  35, 1002,    0,    0,    0,  200,    0,    0,    0,    0,    0,    0,    0,    0, -999, 14day, 20180909, 34, 313, aoml/4902104/profiles/D4902104_109.nc
AL132018, 20180927, 1800,  , EX, 37.0N,  43.4W,  60,  978,  300,  240,  240,  450,  140,  150,  100,  150,    0,    0,    0,    0, -999, 0day, 20180927, 37, 317, aoml/5903108/profiles/D5903108_232.nc
AL132018, 20180927, 1800,  , EX, 37.0N,  43.4W,  60,  978,  300,  240,  240,  450,  140,  150,  100,  150,    0,    0,    0,    0, -999, 12day, 20180915, 37, 317, aoml/5903108/profiles/D5903108_226.nc
AL132018, 20180927, 1800,  , EX, 37.0N,  43.4W,  60,  978,  300,  240,  240,  450,  140,  150,  100,  150,    0,    0,    0,    0, -999, 14day, 20180913, 37, 317, aoml/5903108/profiles/D5903108_225.nc
AL162018, 20181030, 1800,  , HU, 30.3N,  57.3W,  75,  977,  110,  100,   90,   90,   40,   50,   60,   30,   20,   15,   10,   15, -999, 0day, 20181030, 30, 303, aoml/4902354/profiles/D4902354_093.nc
AL162018, 20181030, 1800,  , HU, 30.3N,  57.3W,  75,  977,  110,  100,   90,   90,   40,   50,   60,   30,   20,   15,   10,   15, -999, 5day, 20181025, 30, 303, aoml/4902354/profiles/D4902354_092.nc
AL162018, 20181030, 1800,  , HU, 30.3N,  57.3W,  75,  977,  110,  100,   90,   90,   40,   50,   60,   30,   20,   15,   10,   15, -999, 10day, 20181020, 30, 303, aoml/4902354/profiles/D4902354_091.nc
AL162018, 20181030, 1800,  , HU, 30.3N,  57.3W,  75,  977,  110,  100,   90,   90,   40,   50,   60,   30,   20,   15,   10,   15, -999, 15day, 20181015, 30, 303, aoml/4902354/profiles/D4902354_090.nc
AL072019, 20190904, 0600,  , TS, 23.4N,  96.8W,  45, 1000,    0,    0,   60,   90,    0,    0,    0,    0,    0,    0,    0,    0, -999, 0day, 20190904, 23, 263, coriolis/6902853/profiles/D6902853_078.nc
AL072019, 20190904, 0600,  , TS, 23.4N,  96.8W,  45, 1000,    0,    0,   60,   90,    0,    0,    0,    0,    0,    0,    0,    0, -999, 5day, 20190830, 23, 263, coriolis/6902853/profiles/D6902853_077.nc
AL072019, 20190904, 0600,  , TS, 23.4N,  96.8W,  45, 1000,    0,    0,   60,   90,    0,    0,    0,    0,    0,    0,    0,    0, -999, 10day, 20190825, 23, 263, coriolis/6902853/profiles/D6902853_076.nc
AL072019, 20190904, 0600,  , TS, 23.4N,  96.8W,  45, 1000,    0,    0,   60,   90,    0,    0,    0,    0,    0,    0,    0,    0, -999, 15day, 20190820, 23, 263, coriolis/6902853/profiles/D6902853_075.nc
AL082019, 20190908, 1800,  , TS, 34.5N,  49.3W,  55,  995,   80,   60,   50,   60,   20,    0,    0,   20,    0,    0,    0,    0, -999, 0day, 20190908, 34, 311, coriolis/3901658/profiles/D3901658_060.nc
AL082019, 20190908, 1800,  , TS, 34.5N,  49.3W,  55,  995,   80,   60,   50,   60,   20,    0,    0,   20,    0,    0,    0,    0, -999, 4day, 20190904, 34, 311, aoml/4901630/profiles/D4901630_202.nc
AL082019, 20190908, 1800,  , TS, 34.5N,  49.3W,  55,  995,   80,   60,   50,   60,   20,    0,    0,   20,    0,    0,    0,    0, -999, 10day, 20190829, 34, 311, coriolis/3901658/profiles/D3901658_059.nc
AL092019, 20190914, 1800,  , TS, 27.0N,  77.0W,  45, 1003,   90,  110,    0,   60,    0,    0,    0,    0,    0,    0,    0,    0, -999, 0day, 20190914, 27, 283, aoml/4902110/profiles/D4902110_133.nc
AL092019, 20190914, 1800,  , TS, 27.0N,  77.0W,  45, 1003,   90,  110,    0,   60,    0,    0,    0,    0,    0,    0,    0,    0, -999, 10day, 20190904, 27, 283, aoml/4902110/profiles/D4902110_132.nc
AL132019, 20190924, 1800,  , TS, 12.6N,  30.2W,  55,  997,  150,  140,    0,  150,   50,    0,    0,   50,    0,    0,    0,    0, -999, 0day, 20190924, 13, 330, coriolis/6901272/profiles/D6901272_019.nc
AL132019, 20190924, 1800,  , TS, 12.6N,  30.2W,  55,  997,  150,  140,    0,  150,   50,    0,    0,   50,    0,    0,    0,    0, -999, 7day, 20190917, 13, 330, coriolis/6901734/profiles/D6901734_139.nc
AL132019, 20190924, 1800,  , TS, 12.6N,  30.2W,  55,  997,  150,  140,    0,  150,   50,    0,    0,   50,    0,    0,    0,    0, -999, 10day, 20190914, 13, 330, coriolis/6901272/profiles/D6901272_018.nc
AL162019, 20191018, 1800,  , TS, 26.4N,  89.4W,  50, 1000,   90,  160,    0,    0,    0,   70,    0,    0,    0,    0,    0,    0, -999, 0day, 20191018, 26, 271, aoml/4903238/profiles/D4903238_024.nc
AL162019, 20191018, 1800,  , TS, 26.4N,  89.4W,  50, 1000,   90,  160,    0,    0,    0,   70,    0,    0,    0,    0,    0,    0, -999, 5day, 20191013, 26, 271, aoml/4903254/profiles/D4903254_004.nc
AL162019, 20191018, 1800,  , TS, 26.4N,  89.4W,  50, 1000,   90,  160,    0,    0,    0,   70,    0,    0,    0,    0,    0,    0, -999, 0day, 20191018, 26, 271, aoml/4903254/profiles/D4903254_005.nc
AL162019, 20191018, 1800,  , TS, 26.4N,  89.4W,  50, 1000,   90,  160,    0,    0,    0,   70,    0,    0,    0,    0,    0,    0, -999, 5day, 20191013, 26, 271, aoml/4903254/profiles/D4903254_004.nc
AL032020, 20200607, 0600,  , TS, 26.9N,  90.0W,  45,  992,  180,  180,   90,  140,    0,    0,    0,    0,    0,    0,    0,    0, -999, 0day, 20200607, 27, 270, aoml/4903256/profiles/D4903256_053.nc
AL032020, 20200607, 0600,  , TS, 26.9N,  90.0W,  45,  992,  180,  180,   90,  140,    0,    0,    0,    0,    0,    0,    0,    0, -999, 1day, 20200606, 27, 270, aoml/4903248/profiles/D4903248_052.nc
AL032020, 20200607, 0600,  , TS, 26.9N,  90.0W,  45,  992,  180,  180,   90,  140,    0,    0,    0,    0,    0,    0,    0,    0, -999, 5day, 20200602, 27, 270, aoml/4903256/profiles/D4903256_052.nc
AL072020, 20200725, 1530, L, TD, 10.5N,  61.0W,  30, 1009,    0,    0,    0,    0,    0,    0,    0,    0,    0,    0,    0,    0, -999, 0day, 20200725, 10, 299, coriolis/6902966/profiles/D6902966_165.nc
AL072020, 20200725, 1530, L, TD, 10.5N,  61.0W,  30, 1009,    0,    0,    0,    0,    0,    0,    0,    0,    0,    0,    0,    0, -999, 1day, 20200724, 10, 299, coriolis/6902966/profiles/D6902966_164.nc
AL072020, 20200725, 1530, L, TD, 10.5N,  61.0W,  30, 1009,    0,    0,    0,    0,    0,    0,    0,    0,    0,    0,    0,    0, -999, 2day, 20200723, 10, 299, coriolis/6902966/profiles/D6902966_163.nc
AL072020, 20200725, 1530, L, TD, 10.5N,  61.0W,  30, 1009,    0,    0,    0,    0,    0,    0,    0,    0,    0,    0,    0,    0, -999, 3day, 20200722, 10, 299, coriolis/6902966/profiles/D6902966_162.nc
AL072020, 20200725, 1530, L, TD, 10.5N,  61.0W,  30, 1009,    0,    0,    0,    0,    0,    0,    0,    0,    0,    0,    0,    0, -999, 4day, 20200721, 10, 299, coriolis/6902966/profiles/D6902966_161.nc
AL072020, 20200725, 1530, L, TD, 10.5N,  61.0W,  30, 1009,    0,    0,    0,    0,    0,    0,    0,    0,    0,    0,    0,    0, -999, 5day, 20200720, 10, 299, coriolis/6902966/profiles/D6902966_160.nc
AL102020, 20200730, 0000,  , LO, 12.7N,  20.1W,  25, 1009,    0,    0,    0,    0,    0,    0,    0,    0,    0,    0,    0,    0, -999, 0day, 20200730, 13, 340, aoml/1902207/profiles/D1902207_091.nc
AL102020, 20200730, 0000,  , LO, 12.7N,  20.1W,  25, 1009,    0,    0,    0,    0,    0,    0,    0,    0,    0,    0,    0,    0, -999, 9day, 20200721, 13, 340, aoml/1902207/profiles/D1902207_090.nc
AL102020, 20200730, 0600,  , LO, 12.8N,  20.4W,  25, 1009,    0,    0,    0,    0,    0,    0,    0,    0,    0,    0,    0,    0, -999, 0day, 20200730, 13, 340, aoml/1902207/profiles/D1902207_091.nc
AL102020, 20200730, 0600,  , LO, 12.8N,  20.4W,  25, 1009,    0,    0,    0,    0,    0,    0,    0,    0,    0,    0,    0,    0, -999, 9day, 20200721, 13, 340, aoml/1902207/profiles/D1902207_090.nc
AL102020, 20200730, 1200,  , LO, 13.0N,  20.4W,  30, 1008,    0,    0,    0,    0,    0,    0,    0,    0,    0,    0,    0,    0, -999, 0day, 20200730, 13, 340, aoml/1902207/profiles/D1902207_091.nc
AL102020, 20200730, 1200,  , LO, 13.0N,  20.4W,  30, 1008,    0,    0,    0,    0,    0,    0,    0,    0,    0,    0,    0,    0, -999, 9day, 20200721, 13, 340, aoml/1902207/profiles/D1902207_090.nc
AL102020, 20200730, 1800,  , LO, 13.1N,  20.2W,  30, 1008,    0,    0,    0,    0,    0,    0,    0,    0,    0,    0,    0,    0, -999, 0day, 20200730, 13, 340, aoml/1902207/profiles/D1902207_091.nc
AL102020, 20200730, 1800,  , LO, 13.1N,  20.2W,  30, 1008,    0,    0,    0,    0,    0,    0,    0,    0,    0,    0,    0,    0, -999, 9day, 20200721, 13, 340, aoml/1902207/profiles/D1902207_090.nc
AL112020, 20200812, 1800,  , TD, 12.2N,  44.9W,  30, 1007,    0,    0,    0,    0,    0,    0,    0,    0,    0,    0,    0,    0, -999, 0day, 20200812, 12, 315, coriolis/6902714/profiles/D6902714_135.nc
AL112020, 20200812, 1800,  , TD, 12.2N,  44.9W,  30, 1007,    0,    0,    0,    0,    0,    0,    0,    0,    0,    0,    0,    0, -999, 10day, 20200802, 12, 315, coriolis/6902714/profiles/D6902714_134.nc
AL112020, 20200814, 0600,  , TS, 15.1N,  52.8W,  35, 1005,   70,    0,    0,   70,    0,    0,    0,    0,    0,    0,    0,    0, -999, 0day, 20200814, 15, 307, aoml/4903225/profiles/D4903225_023.nc
AL112020, 20200814, 0600,  , TS, 15.1N,  52.8W,  35, 1005,   70,    0,    0,   70,    0,    0,    0,    0,    0,    0,    0,    0, -999, 10day, 20200804, 15, 307, aoml/4903225/profiles/D4903225_022.nc
AL132020, 20200825, 0600,  , TS, 22.8N,  84.8W,  60,  995,  150,  140,   30,   90,   60,   60,    0,   20,    0,    0,    0,    0, -999, 0day, 20200825, 23, 275, aoml/4903234/profiles/D4903234_091.nc
AL132020, 20200825, 0600,  , TS, 22.8N,  84.8W,  60,  995,  150,  140,   30,   90,   60,   60,    0,   20,    0,    0,    0,    0, -999, 5day, 20200820, 23, 275, aoml/4903234/profiles/D4903234_090.nc
AL132020, 20200825, 0600,  , TS, 22.8N,  84.8W,  60,  995,  150,  140,   30,   90,   60,   60,    0,   20,    0,    0,    0,    0, -999, 10day, 20200815, 23, 275, aoml/4903234/profiles/D4903234_089.nc
AL182020, 20200909, 1800,  , TS, 17.6N,  32.4W,  35, 1003,    0,    0,    0,   60,    0,    0,    0,    0,    0,    0,    0,    0, -999, 0day, 20200909, 18, 328, aoml/4903215/profiles/D4903215_058.nc
AL182020, 20200909, 1800,  , TS, 17.6N,  32.4W,  35, 1003,    0,    0,    0,   60,    0,    0,    0,    0,    0,    0,    0,    0, -999, 10day, 20200830, 18, 328, aoml/4903215/profiles/D4903215_057.nc
AL202020, 20200913, 1200,  , TD, 12.2N,  36.2W,  30, 1006,    0,    0,    0,    0,    0,    0,    0,    0,    0,    0,    0,    0, -999, 0day, 20200913, 12, 324, coriolis/3901635/profiles/D3901635_113.nc
AL202020, 20200913, 1200,  , TD, 12.2N,  36.2W,  30, 1006,    0,    0,    0,    0,    0,    0,    0,    0,    0,    0,    0,    0, -999, 10day, 20200903, 12, 324, coriolis/3901635/profiles/D3901635_112.nc
AL222020, 20200917, 1800,  , TD, 21.8N,  94.4W,  30, 1005,    0,    0,    0,    0,    0,    0,    0,    0,    0,    0,    0,    0, -999, 0day, 20200917, 22, 266, aoml/4902915/profiles/D4902915_242.nc
AL222020, 20200917, 1800,  , TD, 21.8N,  94.4W,  30, 1005,    0,    0,    0,    0,    0,    0,    0,    0,    0,    0,    0,    0, -999, 5day, 20200912, 22, 266, aoml/4902915/profiles/D4902915_241.nc
AL222020, 20200917, 1800,  , TD, 21.8N,  94.4W,  30, 1005,    0,    0,    0,    0,    0,    0,    0,    0,    0,    0,    0,    0, -999, 6day, 20200911, 22, 266, aoml/4902914/profiles/D4902914_128.nc
AL052021, 20210706, 0600,  , TS, 23.7N,  82.4W,  50, 1005,   60,   50,    0,   50,   30,    0,    0,    0,    0,    0,    0,    0,   20, 0day, 20210706, 24, 278, aoml/4903233/profiles/D4903233_152.nc
AL052021, 20210706, 0600,  , TS, 23.7N,  82.4W,  50, 1005,   60,   50,    0,   50,   30,    0,    0,    0,    0,    0,    0,    0,   20, 1day, 20210705, 24, 278, aoml/4901597/profiles/D4901597_271.nc
AL052021, 20210706, 0600,  , TS, 23.7N,  82.4W,  50, 1005,   60,   50,    0,   50,   30,    0,    0,    0,    0,    0,    0,    0,   20, 5day, 20210701, 24, 278, aoml/4903233/profiles/D4903233_151.nc
AL052021, 20210706, 0600,  , TS, 23.7N,  82.4W,  50, 1005,   60,   50,    0,   50,   30,    0,    0,    0,    0,    0,    0,    0,   20, 10day, 20210626, 24, 278, aoml/4903233/profiles/D4903233_150.nc
AL052021, 20210706, 0600,  , TS, 23.7N,  82.4W,  50, 1005,   60,   50,    0,   50,   30,    0,    0,    0,    0,    0,    0,    0,   20, 11day, 20210625, 24, 278, aoml/4901597/profiles/D4901597_270.nc
AL052021, 20210706, 0600,  , TS, 23.7N,  82.4W,  50, 1005,   60,   50,    0,   50,   30,    0,    0,    0,    0,    0,    0,    0,   20, 15day, 20210621, 24, 278, aoml/4903233/profiles/D4903233_149.nc
AL072021, 20210821, 0000,  , HU, 20.7N,  95.8W, 105,  967,  120,  100,   70,  100,   60,   50,   40,   50,   40,   30,   20,   30,   15, 0day, 20210821, 21, 264, aoml/4902351/profiles/D4902351_184.nc
AL072021, 20210821, 0000,  , HU, 20.7N,  95.8W, 105,  967,  120,  100,   70,  100,   60,   50,   40,   50,   40,   30,   20,   30,   15, 2day, 20210819, 21, 264, aoml/4902351/profiles/D4902351_183.nc
AL072021, 20210821, 0000,  , HU, 20.7N,  95.8W, 105,  967,  120,  100,   70,  100,   60,   50,   40,   50,   40,   30,   20,   30,   15, 5day, 20210816, 21, 264, aoml/4902351/profiles/D4902351_182.nc
AL072021, 20210821, 0000,  , HU, 20.7N,  95.8W, 105,  967,  120,  100,   70,  100,   60,   50,   40,   50,   40,   30,   20,   30,   15, 7day, 20210814, 21, 264, aoml/4902351/profiles/D4902351_181.nc
AL072021, 20210821, 0000,  , HU, 20.7N,  95.8W, 105,  967,  120,  100,   70,  100,   60,   50,   40,   50,   40,   30,   20,   30,   15, 10day, 20210811, 21, 264, aoml/4902351/profiles/D4902351_180.nc
AL082021, 20210818, 0600,  , TS, 30.1N,  65.3W,  55,  998,   50,   70,   20,   50,   30,    0,    0,    0,    0,    0,    0,    0,   20, 0day, 20210818, 30, 295, aoml/4902343/profiles/D4902343_181.nc
AL082021, 20210818, 0600,  , TS, 30.1N,  65.3W,  55,  998,   50,   70,   20,   50,   30,    0,    0,    0,    0,    0,    0,    0,   20, 9day, 20210809, 30, 295, aoml/4902343/profiles/D4902343_180.nc
AL082021, 20210819, 0600,  , TS, 29.5N,  69.0W,  60,  995,   70,   70,   40,   70,   40,   40,    0,   20,    0,    0,    0,    0,   25, 0day, 20210819, 30, 291, coriolis/3901657/profiles/D3901657_131.nc
AL082021, 20210819, 0600,  , TS, 29.5N,  69.0W,  60,  995,   70,   70,   40,   70,   40,   40,    0,   20,    0,    0,    0,    0,   25, 10day, 20210809, 30, 291, coriolis/3901657/profiles/D3901657_130.nc
AL082021, 20210821, 0600,  , TS, 32.5N,  73.4W,  60,  993,   90,  100,   50,   70,   50,   50,    0,    0,    0,    0,    0,    0,   30, 0day, 20210821, 32, 287, meds/4902470/profiles/D4902470_086.nc
AL082021, 20210821, 0600,  , TS, 32.5N,  73.4W,  60,  993,   90,  100,   50,   70,   50,   50,    0,    0,    0,    0,    0,    0,   30, 10day, 20210811, 32, 287, meds/4902470/profiles/D4902470_085.nc
AL122021, 20210908, 0000,  , HU, 25.4N,  56.5W,  95,  966,  160,  160,  120,  140,  100,   90,   70,   90,   60,   50,   40,   50,   40, 0day, 20210908, 25, 304, aoml/4903244/profiles/D4903244_087.nc
AL122021, 20210908, 0000,  , HU, 25.4N,  56.5W,  95,  966,  160,  160,  120,  140,  100,   90,   70,   90,   60,   50,   40,   50,   40, 2day, 20210906, 25, 304, aoml/4903244/profiles/D4903244_086.nc
AL182021, 20210927, 1800,  , HU, 15.9N,  52.3W, 105,  958,   90,   90,   60,   70,   40,   30,   30,   40,   25,   20,   20,   20,   10, 0day, 20210927, 16, 308, aoml/4903339/profiles/D4903339_021.nc
AL182021, 20210927, 1800,  , HU, 15.9N,  52.3W, 105,  958,   90,   90,   60,   70,   40,   30,   30,   40,   25,   20,   20,   20,   10, 2day, 20210925, 16, 308, aoml/4903342/profiles/D4903342_021.nc
AL182021, 20210927, 1800,  , HU, 15.9N,  52.3W, 105,  958,   90,   90,   60,   70,   40,   30,   30,   40,   25,   20,   20,   20,   10, 12day, 20210915, 16, 308, aoml/4903342/profiles/D4903342_020.nc
AL182021, 20210927, 1800,  , HU, 15.9N,  52.3W, 105,  958,   90,   90,   60,   70,   40,   30,   30,   40,   25,   20,   20,   20,   10, 12day, 20210915, 16, 308, aoml/5906343/profiles/D5906343_017.nc
AL012022, 20220605, 1800,  , TS, 31.0N,  72.5W,  60,  985,  160,  180,   60,   80,    0,   90,   30,   40,    0,    0,    0,    0,   60, 0day, 20220605, 31, 288, coriolis/3901656/profiles/D3901656_160.nc
AL012022, 20220605, 1800,  , TS, 31.0N,  72.5W,  60,  985,  160,  180,   60,   80,    0,   90,   30,   40,    0,    0,    0,    0,   60, 10day, 20220526, 31, 288, coriolis/3901656/profiles/D3901656_159.nc
AL022022, 20220703, 0600,  , TS, 11.5N,  90.4W,  50,  997,   60,   30,   30,   60,   20,    0,    0,   20,    0,    0,    0,    0,   20, 0day, 20220703, 12, 270, aoml/5906480/profiles/D5906480_035.nc
AL022022, 20220703, 0600,  , TS, 11.5N,  90.4W,  50,  997,   60,   30,   30,   60,   20,    0,    0,   20,    0,    0,    0,    0,   20, 10day, 20220623, 12, 270, aoml/5906480/profiles/D5906480_034.nc
AL022022, 20220710, 1800,  , LO, 19.4N, 135.5W,  25, 1010,    0,    0,    0,    0,    0,    0,    0,    0,    0,    0,    0,    0,   25, 0day, 20220710, 19, 224, aoml/5906470/profiles/D5906470_023.nc
AL022022, 20220710, 1800,  , LO, 19.4N, 135.5W,  25, 1010,    0,    0,    0,    0,    0,    0,    0,    0,    0,    0,    0,    0,   25, 10day, 20220630, 19, 224, aoml/5906470/profiles/D5906470_022.nc
AL072022, 20220922, 1800,  , HU, 29.5N,  70.0W, 115,  936,  180,  240,  130,  150,  110,  110,   80,  100,   60,   60,   45,   50,   20, 0day, 20220922, 30, 290, coriolis/3901605/profiles/D3901605_220.nc
AL072022, 20220922, 1800,  , HU, 29.5N,  70.0W, 115,  936,  180,  240,  130,  150,  110,  110,   80,  100,   60,   60,   45,   50,   20, 10day, 20220912, 30, 290, coriolis/3901605/profiles/D3901605_219.nc
AL102022, 20220924, 0000,  , TS, 18.7N,  20.7W,  35, 1003,   40,    0,    0,    0,    0,    0,    0,    0,    0,    0,    0,    0,   40, 0day, 20220924, 19, 339, coriolis/7901001/profiles/D7901001_052.nc
AL102022, 20220924, 0000,  , TS, 18.7N,  20.7W,  35, 1003,   40,    0,    0,    0,    0,    0,    0,    0,    0,    0,    0,    0,   40, 7day, 20220917, 19, 339, coriolis/7901001/profiles/D7901001_051.nc
AL102022, 20220924, 0000,  , TS, 18.7N,  20.7W,  35, 1003,   40,    0,    0,    0,    0,    0,    0,    0,    0,    0,    0,    0,   40, 14day, 20220910, 19, 339, coriolis/7901001/profiles/D7901001_050.nc
AL102022, 20220924, 0600,  , TS, 19.4N,  20.9W,  35, 1004,   40,    0,    0,    0,    0,    0,    0,    0,    0,    0,    0,    0,   40, 0day, 20220924, 19, 339, coriolis/7901001/profiles/D7901001_052.nc
AL102022, 20220924, 0600,  , TS, 19.4N,  20.9W,  35, 1004,   40,    0,    0,    0,    0,    0,    0,    0,    0,    0,    0,    0,   40, 7day, 20220917, 19, 339, coriolis/7901001/profiles/D7901001_051.nc
AL102022, 20220924, 0600,  , TS, 19.4N,  20.9W,  35, 1004,   40,    0,    0,    0,    0,    0,    0,    0,    0,    0,    0,    0,   40, 14day, 20220910, 19, 339, coriolis/7901001/profiles/D7901001_050.nc
AL022023, 20230602, 0000,  , TD, 27.7N,  86.5W,  30, 1006,    0,    0,    0,    0,    0,    0,    0,    0,    0,    0,    0,    0,   40, 0day, 20230602, 28, 274, aoml/4903464/profiles/D4903464_047.nc
AL022023, 20230602, 0000,  , TD, 27.7N,  86.5W,  30, 1006,    0,    0,    0,    0,    0,    0,    0,    0,    0,    0,    0,    0,   40, 3day, 20230530, 28, 274, aoml/4903249/profiles/D4903249_277.nc
AL022023, 20230602, 0000,  , TD, 27.7N,  86.5W,  30, 1006,    0,    0,    0,    0,    0,    0,    0,    0,    0,    0,    0,    0,   40, 5day, 20230528, 28, 274, aoml/4903464/profiles/D4903464_046.nc
AL022023, 20230602, 0000,  , TD, 27.7N,  86.5W,  30, 1006,    0,    0,    0,    0,    0,    0,    0,    0,    0,    0,    0,    0,   40, 8day, 20230525, 28, 274, aoml/4903249/profiles/D4903249_276.nc
AL022023, 20230602, 0000,  , TD, 27.7N,  86.5W,  30, 1006,    0,    0,    0,    0,    0,    0,    0,    0,    0,    0,    0,    0,   40, 10day, 20230523, 28, 274, aoml/4903464/profiles/D4903464_045.nc
AL022023, 20230602, 0000,  , TD, 27.7N,  86.5W,  30, 1006,    0,    0,    0,    0,    0,    0,    0,    0,    0,    0,    0,    0,   40, 13day, 20230520, 28, 274, aoml/4903249/profiles/D4903249_275.nc
AL022023, 20230603, 0000,  , TS, 25.9N,  85.7W,  35,  998,    0,    0,    0,   60,    0,    0,    0,    0,    0,    0,    0,    0,   50, 0day, 20230603, 26, 274, aoml/4903545/profiles/D4903545_000.nc
AL022023, 20230603, 0000,  , TS, 25.9N,  85.7W,  35,  998,    0,    0,    0,   60,    0,    0,    0,    0,    0,    0,    0,    0,   50, 1day, 20230602, 26, 274, aoml/4903469/profiles/D4903469_048.nc
AL022023, 20230603, 0000,  , TS, 25.9N,  85.7W,  35,  998,    0,    0,    0,   60,    0,    0,    0,    0,    0,    0,    0,    0,   50, 6day, 20230528, 26, 274, aoml/4903469/profiles/D4903469_047.nc
AL022023, 20230603, 0000,  , TS, 25.9N,  85.7W,  35,  998,    0,    0,    0,   60,    0,    0,    0,    0,    0,    0,    0,    0,   50, 11day, 20230523, 26, 274, aoml/4903469/profiles/D4903469_046.nc
AL022023, 20230603, 1200,  , LO, 24.4N,  85.3W,  25, 1000,    0,    0,    0,    0,    0,    0,    0,    0,    0,    0,    0,    0,   40, 0day, 20230603, 24, 275, aoml/4903466/profiles/D4903466_048.nc
AL022023, 20230603, 1200,  , LO, 24.4N,  85.3W,  25, 1000,    0,    0,    0,    0,    0,    0,    0,    0,    0,    0,    0,    0,   40, 1day, 20230602, 24, 275, aoml/4903250/profiles/D4903250_274.nc
AL022023, 20230603, 1200,  , LO, 24.4N,  85.3W,  25, 1000,    0,    0,    0,    0,    0,    0,    0,    0,    0,    0,    0,    0,   40, 5day, 20230529, 24, 275, aoml/4903466/profiles/D4903466_047.nc
AL022023, 20230603, 1800,  , LO, 23.9N,  85.0W,  25, 1001,    0,    0,    0,    0,    0,    0,    0,    0,    0,    0,    0,    0,   40, 0day, 20230603, 24, 275, aoml/4903466/profiles/D4903466_048.nc
AL022023, 20230603, 1800,  , LO, 23.9N,  85.0W,  25, 1001,    0,    0,    0,    0,    0,    0,    0,    0,    0,    0,    0,    0,   40, 1day, 20230602, 24, 275, aoml/4903250/profiles/D4903250_274.nc
AL022023, 20230603, 1800,  , LO, 23.9N,  85.0W,  25, 1001,    0,    0,    0,    0,    0,    0,    0,    0,    0,    0,    0,    0,   40, 5day, 20230529, 24, 275, aoml/4903466/profiles/D4903466_047.nc
AL102023, 20230829, 1800,  , HU, 25.3N,  84.8W,  80,  973,  120,  140,   50,   60,   50,   40,   20,   30,   20,   15,   10,   10,   15, 0day, 20230829, 25, 275, aoml/4903278/profiles/D4903278_231.nc
AL102023, 20230829, 1800,  , HU, 25.3N,  84.8W,  80,  973,  120,  140,   50,   60,   50,   40,   20,   30,   20,   15,   10,   10,   15, 1day, 20230828, 25, 275, aoml/4903551/profiles/D4903551_017.nc
AL102023, 20230829, 1800,  , HU, 25.3N,  84.8W,  80,  973,  120,  140,   50,   60,   50,   40,   20,   30,   20,   15,   10,   10,   15, 4day, 20230825, 25, 275, aoml/4903278/profiles/D4903278_230.nc
AL102023, 20230829, 1800,  , HU, 25.3N,  84.8W,  80,  973,  120,  140,   50,   60,   50,   40,   20,   30,   20,   15,   10,   10,   15, 5day, 20230824, 25, 275, aoml/4903468/profiles/D4903468_064.nc
AL102023, 20230829, 1800,  , HU, 25.3N,  84.8W,  80,  973,  120,  140,   50,   60,   50,   40,   20,   30,   20,   15,   10,   10,   15, 5day, 20230824, 25, 275, aoml/4903552/profiles/D4903552_016.nc
AL102023, 20230829, 1800,  , HU, 25.3N,  84.8W,  80,  973,  120,  140,   50,   60,   50,   40,   20,   30,   20,   15,   10,   10,   15, 6day, 20230823, 25, 275, aoml/4903554/profiles/D4903554_021.nc
AL102023, 20230829, 1800,  , HU, 25.3N,  84.8W,  80,  973,  120,  140,   50,   60,   50,   40,   20,   30,   20,   15,   10,   10,   15, 10day, 20230819, 25, 275, aoml/4903468/profiles/D4903468_063.nc
AL102023, 20230829, 1800,  , HU, 25.3N,  84.8W,  80,  973,  120,  140,   50,   60,   50,   40,   20,   30,   20,   15,   10,   10,   15, 10day, 20230819, 25, 275, aoml/4903552/profiles/D4903552_015.nc
AL102023, 20230829, 1800,  , HU, 25.3N,  84.8W,  80,  973,  120,  140,   50,   60,   50,   40,   20,   30,   20,   15,   10,   10,   15, 11day, 20230818, 25, 275, aoml/4903554/profiles/D4903554_020.nc
AL102023, 20230829, 1800,  , HU, 25.3N,  84.8W,  80,  973,  120,  140,   50,   60,   50,   40,   20,   30,   20,   15,   10,   10,   15, 15day, 20230814, 25, 275, aoml/4903468/profiles/D4903468_062.nc
AL102023, 20230829, 1800,  , HU, 25.3N,  84.8W,  80,  973,  120,  140,   50,   60,   50,   40,   20,   30,   20,   15,   10,   10,   15, 15day, 20230814, 25, 275, aoml/4903552/profiles/D4903552_014.nc
AL102023, 20230829, 1800,  , HU, 25.3N,  84.8W,  80,  973,  120,  140,   50,   60,   50,   40,   20,   30,   20,   15,   10,   10,   15, 0day, 20230829, 25, 275, aoml/4903468/profiles/D4903468_065.nc
AL102023, 20230829, 1800,  , HU, 25.3N,  84.8W,  80,  973,  120,  140,   50,   60,   50,   40,   20,   30,   20,   15,   10,   10,   15, 1day, 20230828, 25, 275, aoml/4903551/profiles/D4903551_017.nc
AL102023, 20230829, 1800,  , HU, 25.3N,  84.8W,  80,  973,  120,  140,   50,   60,   50,   40,   20,   30,   20,   15,   10,   10,   15, 4day, 20230825, 25, 275, aoml/4903278/profiles/D4903278_230.nc
AL102023, 20230829, 1800,  , HU, 25.3N,  84.8W,  80,  973,  120,  140,   50,   60,   50,   40,   20,   30,   20,   15,   10,   10,   15, 5day, 20230824, 25, 275, aoml/4903468/profiles/D4903468_064.nc
AL102023, 20230829, 1800,  , HU, 25.3N,  84.8W,  80,  973,  120,  140,   50,   60,   50,   40,   20,   30,   20,   15,   10,   10,   15, 5day, 20230824, 25, 275, aoml/4903552/profiles/D4903552_016.nc
AL102023, 20230829, 1800,  , HU, 25.3N,  84.8W,  80,  973,  120,  140,   50,   60,   50,   40,   20,   30,   20,   15,   10,   10,   15, 6day, 20230823, 25, 275, aoml/4903554/profiles/D4903554_021.nc
AL102023, 20230829, 1800,  , HU, 25.3N,  84.8W,  80,  973,  120,  140,   50,   60,   50,   40,   20,   30,   20,   15,   10,   10,   15, 10day, 20230819, 25, 275, aoml/4903468/profiles/D4903468_063.nc
AL102023, 20230829, 1800,  , HU, 25.3N,  84.8W,  80,  973,  120,  140,   50,   60,   50,   40,   20,   30,   20,   15,   10,   10,   15, 10day, 20230819, 25, 275, aoml/4903552/profiles/D4903552_015.nc
AL102023, 20230829, 1800,  , HU, 25.3N,  84.8W,  80,  973,  120,  140,   50,   60,   50,   40,   20,   30,   20,   15,   10,   10,   15, 11day, 20230818, 25, 275, aoml/4903554/profiles/D4903554_020.nc
AL102023, 20230829, 1800,  , HU, 25.3N,  84.8W,  80,  973,  120,  140,   50,   60,   50,   40,   20,   30,   20,   15,   10,   10,   15, 15day, 20230814, 25, 275, aoml/4903468/profiles/D4903468_062.nc
AL102023, 20230829, 1800,  , HU, 25.3N,  84.8W,  80,  973,  120,  140,   50,   60,   50,   40,   20,   30,   20,   15,   10,   10,   15, 15day, 20230814, 25, 275, aoml/4903552/profiles/D4903552_014.nc
AL102023, 20230829, 1800,  , HU, 25.3N,  84.8W,  80,  973,  120,  140,   50,   60,   50,   40,   20,   30,   20,   15,   10,   10,   15, 0day, 20230829, 25, 275, aoml/4903546/profiles/D4903546_017.nc
AL102023, 20230829, 1800,  , HU, 25.3N,  84.8W,  80,  973,  120,  140,   50,   60,   50,   40,   20,   30,   20,   15,   10,   10,   15, 1day, 20230828, 25, 275, aoml/4903551/profiles/D4903551_017.nc
AL102023, 20230829, 1800,  , HU, 25.3N,  84.8W,  80,  973,  120,  140,   50,   60,   50,   40,   20,   30,   20,   15,   10,   10,   15, 4day, 20230825, 25, 275, aoml/4903278/profiles/D4903278_230.nc
AL102023, 20230829, 1800,  , HU, 25.3N,  84.8W,  80,  973,  120,  140,   50,   60,   50,   40,   20,   30,   20,   15,   10,   10,   15, 5day, 20230824, 25, 275, aoml/4903468/profiles/D4903468_064.nc
AL102023, 20230829, 1800,  , HU, 25.3N,  84.8W,  80,  973,  120,  140,   50,   60,   50,   40,   20,   30,   20,   15,   10,   10,   15, 5day, 20230824, 25, 275, aoml/4903552/profiles/D4903552_016.nc
AL102023, 20230829, 1800,  , HU, 25.3N,  84.8W,  80,  973,  120,  140,   50,   60,   50,   40,   20,   30,   20,   15,   10,   10,   15, 6day, 20230823, 25, 275, aoml/4903554/profiles/D4903554_021.nc
AL102023, 20230829, 1800,  , HU, 25.3N,  84.8W,  80,  973,  120,  140,   50,   60,   50,   40,   20,   30,   20,   15,   10,   10,   15, 10day, 20230819, 25, 275, aoml/4903468/profiles/D4903468_063.nc
AL102023, 20230829, 1800,  , HU, 25.3N,  84.8W,  80,  973,  120,  140,   50,   60,   50,   40,   20,   30,   20,   15,   10,   10,   15, 10day, 20230819, 25, 275, aoml/4903552/profiles/D4903552_015.nc
AL102023, 20230829, 1800,  , HU, 25.3N,  84.8W,  80,  973,  120,  140,   50,   60,   50,   40,   20,   30,   20,   15,   10,   10,   15, 11day, 20230818, 25, 275, aoml/4903554/profiles/D4903554_020.nc
AL102023, 20230829, 1800,  , HU, 25.3N,  84.8W,  80,  973,  120,  140,   50,   60,   50,   40,   20,   30,   20,   15,   10,   10,   15, 15day, 20230814, 25, 275, aoml/4903468/profiles/D4903468_062.nc
AL102023, 20230829, 1800,  , HU, 25.3N,  84.8W,  80,  973,  120,  140,   50,   60,   50,   40,   20,   30,   20,   15,   10,   10,   15, 15day, 20230814, 25, 275, aoml/4903552/profiles/D4903552_014.nc
AL102023, 20230829, 1800,  , HU, 25.3N,  84.8W,  80,  973,  120,  140,   50,   60,   50,   40,   20,   30,   20,   15,   10,   10,   15, 0day, 20230829, 25, 275, aoml/4903552/profiles/D4903552_017.nc
AL102023, 20230829, 1800,  , HU, 25.3N,  84.8W,  80,  973,  120,  140,   50,   60,   50,   40,   20,   30,   20,   15,   10,   10,   15, 1day, 20230828, 25, 275, aoml/4903551/profiles/D4903551_017.nc
AL102023, 20230829, 1800,  , HU, 25.3N,  84.8W,  80,  973,  120,  140,   50,   60,   50,   40,   20,   30,   20,   15,   10,   10,   15, 4day, 20230825, 25, 275, aoml/4903278/profiles/D4903278_230.nc
AL102023, 20230829, 1800,  , HU, 25.3N,  84.8W,  80,  973,  120,  140,   50,   60,   50,   40,   20,   30,   20,   15,   10,   10,   15, 5day, 20230824, 25, 275, aoml/4903468/profiles/D4903468_064.nc
AL102023, 20230829, 1800,  , HU, 25.3N,  84.8W,  80,  973,  120,  140,   50,   60,   50,   40,   20,   30,   20,   15,   10,   10,   15, 5day, 20230824, 25, 275, aoml/4903552/profiles/D4903552_016.nc
AL102023, 20230829, 1800,  , HU, 25.3N,  84.8W,  80,  973,  120,  140,   50,   60,   50,   40,   20,   30,   20,   15,   10,   10,   15, 6day, 20230823, 25, 275, aoml/4903554/profiles/D4903554_021.nc
AL102023, 20230829, 1800,  , HU, 25.3N,  84.8W,  80,  973,  120,  140,   50,   60,   50,   40,   20,   30,   20,   15,   10,   10,   15, 10day, 20230819, 25, 275, aoml/4903468/profiles/D4903468_063.nc
AL102023, 20230829, 1800,  , HU, 25.3N,  84.8W,  80,  973,  120,  140,   50,   60,   50,   40,   20,   30,   20,   15,   10,   10,   15, 10day, 20230819, 25, 275, aoml/4903552/profiles/D4903552_015.nc
AL102023, 20230829, 1800,  , HU, 25.3N,  84.8W,  80,  973,  120,  140,   50,   60,   50,   40,   20,   30,   20,   15,   10,   10,   15, 11day, 20230818, 25, 275, aoml/4903554/profiles/D4903554_020.nc
AL102023, 20230829, 1800,  , HU, 25.3N,  84.8W,  80,  973,  120,  140,   50,   60,   50,   40,   20,   30,   20,   15,   10,   10,   15, 15day, 20230814, 25, 275, aoml/4903468/profiles/D4903468_062.nc
AL102023, 20230829, 1800,  , HU, 25.3N,  84.8W,  80,  973,  120,  140,   50,   60,   50,   40,   20,   30,   20,   15,   10,   10,   15, 15day, 20230814, 25, 275, aoml/4903552/profiles/D4903552_014.nc
AL102023, 20230829, 1800,  , HU, 25.3N,  84.8W,  80,  973,  120,  140,   50,   60,   50,   40,   20,   30,   20,   15,   10,   10,   15, 0day, 20230829, 25, 275, aoml/4903624/profiles/D4903624_071.nc
AL102023, 20230829, 1800,  , HU, 25.3N,  84.8W,  80,  973,  120,  140,   50,   60,   50,   40,   20,   30,   20,   15,   10,   10,   15, 1day, 20230828, 25, 275, aoml/4903551/profiles/D4903551_017.nc
AL102023, 20230829, 1800,  , HU, 25.3N,  84.8W,  80,  973,  120,  140,   50,   60,   50,   40,   20,   30,   20,   15,   10,   10,   15, 4day, 20230825, 25, 275, aoml/4903278/profiles/D4903278_230.nc
AL102023, 20230829, 1800,  , HU, 25.3N,  84.8W,  80,  973,  120,  140,   50,   60,   50,   40,   20,   30,   20,   15,   10,   10,   15, 5day, 20230824, 25, 275, aoml/4903468/profiles/D4903468_064.nc
AL102023, 20230829, 1800,  , HU, 25.3N,  84.8W,  80,  973,  120,  140,   50,   60,   50,   40,   20,   30,   20,   15,   10,   10,   15, 5day, 20230824, 25, 275, aoml/4903552/profiles/D4903552_016.nc
AL102023, 20230829, 1800,  , HU, 25.3N,  84.8W,  80,  973,  120,  140,   50,   60,   50,   40,   20,   30,   20,   15,   10,   10,   15, 6day, 20230823, 25, 275, aoml/4903554/profiles/D4903554_021.nc
AL102023, 20230829, 1800,  , HU, 25.3N,  84.8W,  80,  973,  120,  140,   50,   60,   50,   40,   20,   30,   20,   15,   10,   10,   15, 10day, 20230819, 25, 275, aoml/4903468/profiles/D4903468_063.nc
AL102023, 20230829, 1800,  , HU, 25.3N,  84.8W,  80,  973,  120,  140,   50,   60,   50,   40,   20,   30,   20,   15,   10,   10,   15, 10day, 20230819, 25, 275, aoml/4903552/profiles/D4903552_015.nc
AL102023, 20230829, 1800,  , HU, 25.3N,  84.8W,  80,  973,  120,  140,   50,   60,   50,   40,   20,   30,   20,   15,   10,   10,   15, 11day, 20230818, 25, 275, aoml/4903554/profiles/D4903554_020.nc
AL102023, 20230829, 1800,  , HU, 25.3N,  84.8W,  80,  973,  120,  140,   50,   60,   50,   40,   20,   30,   20,   15,   10,   10,   15, 15day, 20230814, 25, 275, aoml/4903468/profiles/D4903468_062.nc
AL102023, 20230829, 1800,  , HU, 25.3N,  84.8W,  80,  973,  120,  140,   50,   60,   50,   40,   20,   30,   20,   15,   10,   10,   15, 15day, 20230814, 25, 275, aoml/4903552/profiles/D4903552_014.nc
AL132023, 20230913, 0000,  , HU, 24.9N,  66.6W, 100,  946,  210,  200,  150,  170,  150,  130,   90,  120,  110,  100,   60,   70,   30, 0day, 20230913, 25, 293, aoml/1902311/profiles/D1902311_064.nc
AL132023, 20230913, 0000,  , HU, 24.9N,  66.6W, 100,  946,  210,  200,  150,  170,  150,  130,   90,  120,  110,  100,   60,   70,   30, 10day, 20230903, 25, 293, aoml/1902311/profiles/D1902311_063.nc
AL132023, 20230913, 0600,  , HU, 25.3N,  66.9W, 100,  948,  210,  210,  160,  170,  130,  120,   90,  110,  110,  100,   60,   70,   30, 0day, 20230913, 25, 293, aoml/1902311/profiles/D1902311_064.nc
AL132023, 20230913, 0600,  , HU, 25.3N,  66.9W, 100,  948,  210,  210,  160,  170,  130,  120,   90,  110,  110,  100,   60,   70,   30, 10day, 20230903, 25, 293, aoml/1902311/profiles/D1902311_063.nc
AL182023, 20230930, 1200,  , TS, 21.0N,  50.0W,  40, 1002,   70,   60,    0,    0,    0,    0,    0,    0,    0,    0,    0,    0,   30, 0day, 20230930, 21, 310, aoml/1902317/profiles/D1902317_066.nc
AL182023, 20230930, 1200,  , TS, 21.0N,  50.0W,  40, 1002,   70,   60,    0,    0,    0,    0,    0,    0,    0,    0,    0,    0,   30, 10day, 20230920, 21, 310, aoml/1902317/profiles/D1902317_065.nc
AL092024, 20240925, 1200,  , HU, 21.1N,  86.2W,  65,  979,  270,  270,   70,  110,   60,   60,   40,   30,    0,   30,    0,    0,   30, 0day, 20240925, 21, 274, aoml/4903562/profiles/D4903562_060.nc
AL092024, 20240925, 1200,  , HU, 21.1N,  86.2W,  65,  979,  270,  270,   70,  110,   60,   60,   40,   30,    0,   30,    0,    0,   30, 5day, 20240920, 21, 274, aoml/4903562/profiles/D4903562_059.nc
AL092024, 20240925, 1200,  , HU, 21.1N,  86.2W,  65,  979,  270,  270,   70,  110,   60,   60,   40,   30,    0,   30,    0,    0,   30, 11day, 20240914, 21, 274, aoml/4903562/profiles/D4903562_058.nc
